fieldmap_name:     	Complete Superbend
timestamp:         	2021-06-23_12-19-17
filename:          	2021-06-23_HF_Superbend_BC_model4_Z=0_600mm_I=87A.txt
MagNet_file:       	Complete_Superbend_BC_model4.mn
nr_magnets:        	1

magnet_name:       	Complete
gap[mm]:           	
control_gap[mm]:   	--
magnet_length[mm]: 	
current_main[A]:   	--
NI_main[A.esp]:    	--
center_pos_z[mm]:  	0
center_pos_x[mm]:  	0
rotation[deg]:     	0

X[mm]	Y[mm]	Z[mm]	Bx	By	Bz [T]
------------------------------------------------------------------------------------------------------------------------------------------------------------------
0	0	0	4.1372844911455E-04	-6.36142380629737	1.08912274187845E-03
0	0	1	4.2375352104188E-04	-6.36025734146665	1.91023394535892E-04
0	0	2	4.39944833064921E-04	-6.35656775600845	-5.23499022153336E-04
0	0	3	4.62302385183674E-04	-6.35035504992277	-1.05444450818924E-03
0	0	4	8.88090407155273E-04	-6.34222397701717	-8.79649010761079E-04
0	0	5	8.78583328554945E-04	-6.33088093921566	-1.02877381800196E-03
0	0	6	8.06050991404917E-04	-6.31696598719218	-1.27655195702221E-03
0	0	7	6.70493395705189E-04	-6.30047912094674	-1.62298342782173E-03
0	0	8	4.71910541455759E-04	-6.28142034047934	-2.06806823040066E-03
0	0	9	1.05341896485213E-03	-6.26013845002404	-1.60826277805245E-03
0	0	10	6.94352989702274E-04	-6.23561354496975	-2.18877873785913E-03
0	0	11	3.59042338505307E-04	-6.20842756875796	-2.62272258366358E-03
0	0	12	4.74870112612288E-05	-6.17858052138869	-2.91009431546584E-03
0	0	13	-2.4031299202996E-04	-6.14607240286192	-3.05089393326589E-03
0	0	14	-5.04357671368258E-04	-6.11090321317766	-3.04512143706373E-03
0	0	15	-1.18351787554034E-03	-6.07469087457034	-8.10818659398988E-04
0	0	16	-4.12788399902254E-04	-6.03351442187176	-3.65183698589999E-03
0	0	17	1.42668458472066E-04	-5.99000750901488	-5.45651036218127E-03
0	0	18	4.8285269958262E-04	-5.94417013599969	-6.22483878824296E-03
0	0	19	6.07764323429407E-04	-5.8960023028262	-5.95682226408481E-03
0	0	20	5.17403330012429E-04	-5.8455040094944	-4.65246078970697E-03
0	0	21	2.11769719331685E-04	-5.79267525600431	-2.31175436510947E-03
0	0	22	1.75367832984868E-03	-5.74510978961551	-6.46046108818284E-03
0	0	23	1.64362684197483E-03	-5.68871220206588	-4.18723320166198E-03
0	0	24	0.001446506971601	-5.63123075816541	-3.02065878180429E-03
0	0	25	1.16231871872718E-03	-5.5726654579141	-2.96073782860974E-03
0	0	26	7.91062083353382E-04	-5.51301630131195	-4.00747034207839E-03
0	0	27	3.327370654796E-04	-5.45228328835895	-6.16085632221015E-03
0	0	28	-7.06739078015604E-04	-5.39056205658109	-9.24501700459883E-03
0	0	29	9.00834344854347E-04	-5.33275536850003	-5.89837601283724E-03
0	0	30	4.23660554415967E-04	-5.27153976430338	-5.0353286518444E-03
0	0	31	1.19337656806433E-05	-5.20980374488088	-4.58952373069009E-03
0	0	32	-5.79519961679155E-05	-5.14782621977659	-5.30972883336682E-03
0	0	33	-9.20588122347673E-05	-5.08593511797055	-5.84830886661491E-03
0	0	34	-9.03866825199113E-05	-5.02413043946276	-6.2052638304343E-03
0	0	35	-5.29356070233489E-05	-4.96241218425321	-6.38059372482511E-03
0	0	36	2.02944142549215E-05	-4.90078035234191	-6.37429854978721E-03
0	0	37	1.29303381314898E-04	-4.83923494372886	-6.18637830532069E-03
0	0	38	-2.04225440951246E-04	-4.77839500574929	-6.71233632095255E-03
0	0	39	-2.53272831457257E-04	-4.71705650414843	-6.50570933357182E-03
0	0	40	-2.63330021983486E-04	-4.6561551064769	-6.56774178237169E-03
0	0	41	-2.98365632110009E-04	-4.59543702168275	-6.67259437713791E-03
0	0	42	-3.36678674827457E-04	-4.53489597038612	-6.7420728060194E-03
0	0	43	-3.78269150135831E-04	-4.474531952587	-6.77617706901613E-03
0	0	44	-4.23137058035131E-04	-4.4143449682854	-6.77490716612805E-03
0	0	45	-4.45459296909143E-04	-4.35436402238955	-6.7087732362703E-03
0	0	46	-4.7769635095092E-04	-4.29454678070882	-6.70478910760608E-03
0	0	47	-5.06756856947902E-04	-4.23491478194389	-6.64184751326814E-03
0	0	48	-5.32640814900091E-04	-4.17546802609476	-6.51994845325659E-03
0	0	49	-5.78937016864569E-04	-4.1159761381833	-6.58221201386047E-03
0	0	50	-6.08418955495895E-04	-4.05685590177909	-0.006435466951048
0	0	51	-6.45218809101013E-04	-3.99789439197896	-6.30250300934672E-03
0	0	52	-6.89336577679929E-04	-3.9390916087829	-6.18332018875671E-03
0	0	53	-6.8310111074633E-04	-3.88029457992808	-6.18521654218356E-03
0	0	54	-7.26597021326149E-04	-3.82171875894236	-6.11406142953529E-03
0	0	55	-7.69002421392118E-04	-3.76326611821119	-6.0826580817545E-03
0	0	56	-8.09608589220746E-04	-3.7048686581068	-6.0076486217392E-03
0	0	57	-8.02705086506274E-04	-3.64649349115556	-5.74051516624237E-03
0	0	58	-8.03533183043558E-04	-3.5882403373954	-5.49896140536746E-03
0	0	59	-8.16232664376471E-04	-3.53014050624596	-5.4303642192999E-03
0	0	60	-8.27363656697947E-04	-3.4721088779566	-5.33351571981042E-03
0	0	61	-8.36926160007985E-04	-3.41414545252732	-5.20841590689898E-03
0	0	62	-8.44920174306585E-04	-3.35625022995812	-5.05506478056558E-03
0	0	63	-7.49375955080337E-04	-3.29849265795239	-5.00932088464761E-03
0	0	64	-8.06487761294703E-04	-3.24070207284078	-4.76524780902437E-03
0	0	65	-8.54672431071043E-04	-3.18295744428484	-4.52731605028873E-03
0	0	66	-8.93929964409358E-04	-3.12525877228457	-4.29552560844079E-03
0	0	67	-9.24260361309646E-04	-3.06760605683997	-4.0698764834805E-03
0	0	68	-9.45663621771909E-04	-3.00999929795103	-3.85036867540787E-03
0	0	69	-9.58139745796145E-04	-2.95243849561775	-3.63700218422292E-03
0	0	70	-9.61688733382356E-04	-2.89492364984015	-3.42977700992561E-03
0	0	71	-9.97228271157107E-04	-2.83738164204301	-3.27554096377237E-03
0	0	72	-1.01648328344025E-03	-2.77992056785832	-3.11581708899835E-03
0	0	73	-1.02689504939489E-03	-2.72251788802715	-2.95256073556791E-03
0	0	74	-1.02846356902104E-03	-2.66517360254952	-2.78577190348112E-03
0	0	75	-1.02118884231868E-03	-2.6078877114254	-2.61545059273798E-03
0	0	76	-1.00507086928783E-03	-2.55066021465482	-2.44159680333843E-03
0	0	77	-9.80109649928475E-04	-2.49349111223776	-2.26421053528256E-03
0	0	78	-9.46305184240625E-04	-2.43638040417422	-2.08329178857027E-03
0	0	79	-9.03657472224274E-04	-2.37932809046422	-1.89884056320168E-03
0	0	80	-8.52166513879425E-04	-2.32233417110774	-1.71085685917666E-03
0	0	81	-6.71823408445904E-04	-2.26545385348259	-1.39567358553355E-03
0	0	82	-6.93325646324793E-04	-2.20845744989456	-1.23052063712047E-03
0	0	83	-7.06935032218621E-04	-2.15156188880681	-1.07227765626794E-03
0	0	84	-7.12651566127387E-04	-2.09476717021933	-9.20944642975909E-04
0	0	85	-7.10475248051091E-04	-2.03807329413212	-7.7652159724434E-04
0	0	86	-7.00406077989732E-04	-1.98148026054519	-6.39008519073246E-04
0	0	87	-6.82444055943312E-04	-1.92498806945853	-5.08405408462666E-04
0	0	88	-6.56589181911828E-04	-1.86859672087215	-3.84712265412614E-04
0	0	89	-6.22841455895284E-04	-1.81230621478604	-2.67929089922993E-04
0	0	90	-5.81200877893678E-04	-1.7561165512002	-1.58055881993916E-04
0	0	91	-5.3166744790701E-04	-1.70002773011464	-5.5092641625312E-05
0	0	92	-9.60252993987185E-04	-1.64427011951274	5.40200840847745E-04
0	0	93	-7.78624912759631E-04	-1.58853471615794	2.14658815101926E-04
0	0	94	-6.06026292566932E-04	-1.5330495850254	3.0347266808188E-05
0	0	95	-4.42457133409093E-04	-1.47781472611513	-1.27338040333763E-05
0	0	96	-2.8791743528611E-04	-1.42283013942712	8.54156025771021E-05
0	0	97	-6.04829702506906E-04	-1.36950887464444	-4.89849771254908E-04
0	0	98	-3.93555709060167E-04	-1.31460307446512	3.17835171358687E-04
0	0	99	-2.3152187278432E-04	-1.26016128792737	9.70967712149377E-04
0	0	100	-1.18728193679365E-04	-1.20618351503118	1.4695478511171E-03
0	0	101	-5.51746717453036E-05	-1.15266975577655	1.81357558826189E-03
0	0	102	-4.0861306982135E-05	-1.09962001016348	2.00305092358376E-03
0	0	103	-7.5788099389859E-05	-1.04703427819198	2.03797385708261E-03
0	0	104	-1.59955048968476E-04	-0.994912559862037	1.91834438875856E-03
0	0	105	-2.93362155717985E-04	-0.943254855173657	1.64416251861155E-03
0	0	106	-4.76009419638387E-04	-0.892061164126839	1.2154282466416E-03
0	0	107	-7.07896840729682E-04	-0.841331486721583	6.3214157284873E-04
0	0	108	-9.89024418991873E-04	-0.791065822957889	-1.05697502767121E-04
0	0	109	1.56539586142842E-05	-0.743067383956027	1.7812460717805E-03
0	0	110	-1.7400343356939E-04	-0.694404178385806	1.67821633583619E-03
0	0	111	-3.5196976951673E-04	-0.646489511747496	1.85042857680371E-03
0	0	112	-5.1824504922773E-04	-0.599323384041099	2.29788279468309E-03
0	0	113	-6.72829272702394E-04	-0.552905795266612	3.02057898947433E-03
0	0	114	-4.32174873934491E-04	-0.507271969637442	1.96440306219785E-03
0	0	115	-4.12840387429832E-04	-0.462741741233287	1.40279673401759E-03
0	0	116	-3.66598611552334E-04	-0.419534386284583	9.59209995472493E-04
0	0	117	-2.93449546302002E-04	-0.377649904791329	6.33642846562548E-04
0	0	118	-1.9339319167883E-04	-0.337088296753525	4.26095287287737E-04
0	0	119	-6.64295476828194E-05	-0.29784956217117	3.36567317648039E-04
0	0	120	8.74413856860237E-05	-0.259933701044266	3.65058937643523E-04
0	0	121	2.68219608427703E-04	-0.223340713372812	5.11570147274125E-04
0	0	122	4.75905120542225E-04	-0.188070599156808	7.76100946539892E-04
0	0	123	8.63652955230261E-04	-0.153765993198148	1.25385103703033E-03
0	0	124	1.01697514728989E-03	-0.121204967119549	1.45188891177047E-03
0	0	125	1.05977418182562E-03	-0.089728412282599	1.73423502042431E-03
0	0	126	1.02561392299221E-03	-5.96957696492567E-02	1.91460254211073E-03
0	0	127	9.14494370789648E-04	-3.11070392195222E-02	1.99299147682975E-03
0	0	128	7.26415525217934E-04	-3.96222099339497E-03	1.96940182458105E-03
0	0	129	4.61377386277081E-04	0.021738685029124	1.84383358536553E-03
0	0	130	1.19379953967081E-04	4.59956788480351E-02	1.61628675918229E-03
0	0	131	-2.99576771712066E-04	6.88087604633385E-02	1.28676134603168E-03
0	0	132	-7.95492790760372E-04	9.01779298750345E-02	8.55257345913375E-04
0	0	133	-1.36836810317781E-03	0.110103187083122	3.21774758827933E-04
0	0	134	-2.93749709564658E-04	0.128375480355037	1.33304104407979E-03
0	0	135	-4.76877720517567E-04	0.146413070038166	-3.44622862103229E-03
0	0	136	-2.22698885578843E-04	0.162132372709151	-2.21138084778123E-03
0	0	137	9.29781438294646E-04	0.177086448038695	-1.67556536167471E-03
0	0	138	7.57814232072789E-04	0.190954023001875	-3.24704199300161E-04
0	0	139	6.02909250063954E-04	0.203963449462783	7.27022704876363E-04
0	0	140	4.65066492268136E-04	0.216114727421421	1.47961535085486E-03
0	0	141	3.44285958685338E-04	0.227407856877788	1.93307373863535E-03
0	0	142	2.4056764931556E-04	0.237842837831884	2.08739786821781E-03
0	0	143	1.53911564158801E-04	0.247419670283709	1.94258773960226E-03
0	0	144	8.43177032150607E-05	0.256138354233263	1.49864335278869E-03
0	0	145	3.17860664843412E-05	0.263998889680546	7.55564707777117E-04
0	0	146	-3.84812507621448E-05	0.269801286402809	-6.80136025658501E-04
0	0	147	-6.31600397673456E-05	0.276423508120565	-1.11689330504539E-03
0	0	148	-7.04208522958843E-05	0.282469223848766	-1.39087614343886E-03
0	0	149	-6.02636883477623E-05	0.287938433587412	-1.50208454083896E-03
0	0	150	-3.26885479229754E-05	0.292831137336502	-1.45051849724553E-03
0	0	151	1.23045689784725E-05	0.297147335096036	-1.23617801265874E-03
0	0	152	1.41621882143051E-05	0.301060783315324	-8.82400974096585E-04
0	0	153	1.88381379733084E-04	0.304064439716179	-5.17919061934727E-04
0	0	154	1.50307678857343E-04	0.307067565765057	-4.5068864996453E-04
0	0	155	1.39092288329637E-04	0.309659715240076	-3.42580229323944E-04
0	0	156	9.67697292040984E-05	0.311930776802276	-2.50305381492541E-04
0	0	157	2.3340001480734E-05	0.313880750451658	-1.73864106470291E-04
0	0	158	-8.11968948404651E-05	0.315509636188222	-1.13256404257188E-04
0	0	159	-1.44641135156148E-04	0.317882614681104	-1.47390835050597E-03
0	0	160	-7.81811309299504E-05	0.318823515353484	-1.18225615084806E-03
0	0	161	-1.10992587856565E-05	0.319581051191236	-9.43748387218833E-04
0	0	162	5.66044812767333E-05	0.320155222194361	-7.58385059618299E-04
0	0	163	1.24930089257217E-04	0.320546028362858	-6.26166168046457E-04
0	0	164	1.93877565155799E-04	0.320753469696727	-5.47091712503307E-04
0	0	165	2.63446908972478E-04	0.320777546195969	-5.21161692988848E-04
0	0	166	3.33638120707252E-04	0.320618257860583	-5.4837610950308E-04
0	0	167	4.61400235284399E-05	0.320388734865172	-2.70237229041112E-04
0	0	168	2.96582929205747E-05	0.319957841446721	-2.31263455277592E-04
0	0	169	1.55120053960512E-05	0.319374338341928	-2.50101671090014E-04
0	0	170	3.70116095486925E-06	0.318638225550794	-3.26751876478378E-04
0	0	171	-5.77424040297107E-06	0.317749503073318	-4.61214071442686E-04
0	0	172	-1.29141986774698E-05	0.3167081709095	-6.53488255982935E-04
0	0	173	-1.82632175348082E-05	0.315733367007655	-7.79239975628129E-04
0	0	174	-2.25995378567448E-06	0.314558741024816	-9.25125947110446E-04
0	0	175	1.21182469745459E-05	0.313309687340842	-1.03317974925137E-03
0	0	176	2.48713847458521E-05	0.311986205955731	-1.10340138205089E-03
0	0	177	3.5999459528245E-05	0.310588296869484	-1.13579084550901E-03
0	0	178	4.55024713217243E-05	0.309115960082101	-1.13034813962574E-03
0	0	179	5.338042012629E-05	0.307569195593582	-1.08707326440107E-03
0	0	180	5.96333059419422E-05	0.305948003403927	-0.001005966219835
0	0	181	6.42611287686807E-05	0.304252383513136	-8.87027005927534E-04
0	0	182	6.72638886065056E-05	0.302482335921209	-7.3025562267867E-04
0	0	183	6.86415854554169E-05	0.300637860628145	-5.35652070088409E-04
0	0	184	6.83942193154144E-05	0.298718957633946	-3.03216348156748E-04
0	0	185	1.01555903490864E-04	0.297018463333992	-9.1264676432216E-04
0	0	186	1.03139213128026E-04	0.295104108076791	-8.20927708582853E-04
0	0	187	1.04507400450901E-04	0.293170134274243	-7.42230196442766E-04
0	0	188	1.05660465459489E-04	0.291216541926347	-6.76554227901926E-04
0	0	189	1.06598408153789E-04	0.289243331033103	-6.2389980296031E-04
0	0	190	1.07321228533802E-04	0.287250501594511	-5.84266921617999E-04
0	0	191	1.07828926599528E-04	0.285238053610571	-5.57655583874906E-04
0	0	192	1.08121502350966E-04	0.283205987081283	-5.44065789731063E-04
0	0	193	1.08198955788117E-04	0.281154302006648	-5.43497539186444E-04
0	0	194	1.08061286910981E-04	0.279082998386664	-5.55950832241127E-04
0	0	195	1.07708495719557E-04	0.276992076221332	-5.81425668895031E-04
0	0	196	1.07140582213846E-04	0.274881535510653	-6.19922049148185E-04
0	0	197	7.48069998229009E-05	0.272839255182163	-5.95871104398648E-04
0	0	198	8.48931404262024E-05	0.270740061925631	-6.32180829593343E-04
0	0	199	8.97760461076643E-05	0.268630028685968	-6.60177631330571E-04
0	0	200	8.94557168672864E-05	0.266509155463175	-6.79861509610338E-04
0	0	201	8.39321527050685E-05	0.264377442257252	-6.91232464432638E-04
0	0	202	7.32053536210113E-05	0.262234889068199	-6.94290495797476E-04
0	0	203	5.72753196151139E-05	0.260081495896015	-6.8903560370485E-04
0	0	204	3.61420506873768E-05	0.257917262740701	-6.75467788154765E-04
0	0	205	9.80554683779979E-06	0.255742189602257	-6.53587049147212E-04
0	0	206	-2.17341919336161E-05	0.253556276480682	-6.23393386682199E-04
0	0	207	-5.84771656268727E-05	0.251359523375977	-5.84886800759721E-04
0	0	208	-1.00423374241969E-04	0.249151930288141	-5.38067291379774E-04
0	0	209	-1.47572817778904E-04	0.246933497217176	-4.82934858542375E-04
0	0	210	6.18456261783126E-05	0.245355006649671	-6.04068171358214E-04
0	0	211	5.9404171359726E-05	0.243297793209832	-5.79728083193494E-04
0	0	212	5.71421736651263E-05	0.241252627755106	-5.57352835571259E-04
0	0	213	5.50596330945137E-05	0.239219510285492	-5.36942428491513E-04
0	0	214	5.31565496478882E-05	0.237198440800992	-5.18496861954254E-04
0	0	215	5.14329233252496E-05	0.235189419301604	-5.0201613595948E-04
0	0	216	4.9888754126598E-05	0.233192445787328	-4.87500250507192E-04
0	0	217	4.85240420519334E-05	0.231207520258166	-4.74949205597392E-04
0	0	218	4.73387871012557E-05	0.229234642714116	-4.64363001230077E-04
0	0	219	4.63329892745651E-05	0.227273813155179	-4.55741637405246E-04
0	0	220	4.55066485718614E-05	0.225325031581355	-4.49085114122904E-04
0	0	221	4.48597649931448E-05	0.223388297992644	-4.44393431383051E-04
0	0	222	4.43923385384151E-05	0.221463612389046	-4.41666589185679E-04
0	0	223	4.41043692076725E-05	0.21955097477056	-4.40904587530799E-04
0	0	224	4.39958570009168E-05	0.217650385137187	-4.42107426418403E-04
0	0	225	4.40668019181481E-05	0.215761843488927	-4.45275105848493E-04
0	0	226	2.82706043508302E-05	0.213873409543296	-4.39998310410717E-04
0	0	227	2.95942525282176E-05	0.21201929173107	-4.4092963528815E-04
0	0	228	3.06781818258123E-05	0.210179403241276	-4.40541970901973E-04
0	0	229	3.15223922436136E-05	0.208353744073912	-4.38835317252143E-04
0	0	230	3.21268837816212E-05	0.206542314228979	-4.35809674338622E-04
0	0	231	3.24916564398357E-05	0.204745113706477	-4.31465042161464E-04
0	0	232	3.26167102182566E-05	0.202962142506405	-4.25801420720635E-04
0	0	233	3.25020451168844E-05	0.201193400628765	-4.1881881001618E-04
0	0	234	3.21476611357189E-05	0.199438888073555	-4.1051721004807E-04
0	0	235	3.15535582747597E-05	0.197698604840776	-4.00896620816274E-04
0	0	236	3.07197365340074E-05	0.195972550930428	-3.89957042320852E-04
0	0	237	2.96461959134615E-05	0.194260726342511	-3.77698474561745E-04
0	0	238	2.83329364131225E-05	0.192563131077025	-3.64120917538998E-04
0	0	239	2.67799580329901E-05	0.190879765133969	-3.4922437125261E-04
0	0	240	2.98151375065868E-05	0.189222136526879	-3.83760565230764E-04
0	0	241	2.94437170427791E-05	0.187579376116361	-3.78278734305919E-04
0	0	242	2.91445461417753E-05	0.185951226224499	-3.72377079202697E-04
0	0	243	2.89176248035755E-05	0.184337686851292	-3.66055599921099E-04
0	0	244	2.87629530281796E-05	0.182738757996742	-3.59314296461123E-04
0	0	245	2.86805308155879E-05	0.181154439660847	-3.52153168822772E-04
0	0	246	2.86703581658001E-05	0.179584731843608	-3.44572217006044E-04
0	0	247	2.87324350788163E-05	0.178029634545025	-3.36571441010939E-04
0	0	248	2.88667615546364E-05	0.176489147765098	-3.28150840837457E-04
0	0	249	1.93911479530444E-05	0.174965212382238	-3.33520878481768E-04
0	0	250	2.03805303155646E-05	0.173465758192086	-3.21817712411649E-04
0	0	251	2.13760889573397E-05	0.171979239420135	-3.10683880634459E-04
0	0	252	2.23778238783698E-05	0.170505656066384	-3.00119383150201E-04
0	0	253	4.05296638561945E-05	0.169044762074427	-2.72884869861238E-04
0	0	254	3.50929010628575E-05	0.167589159181725	-2.75485215302853E-04
0	0	255	3.02131956759502E-05	0.166148107540965	-2.77383773662456E-04
0	0	256	2.5890547695473E-05	0.16472160715215	-2.78580544940046E-04
0	0	257	2.21249571214254E-05	0.163309658015278	-2.79075529135626E-04
0	0	258	1.89164239538079E-05	0.161912260130349	-2.78868726249191E-04
0	0	259	1.62649481926202E-05	0.160529413497364	-2.77960136280745E-04
0	0	260	1.41705298378623E-05	0.159161118116323	-2.76349759230287E-04
0	0	261	1.26331688895343E-05	0.157807373987225	-2.74037595097815E-04
0	0	262	1.16528653476361E-05	0.156468181110071	-2.71023643883333E-04
0	0	263	1.12296192121678E-05	0.15514353948486	-2.67307905586837E-04
0	0	264	1.13634304831293E-05	0.153833449111593	-2.6289038020833E-04
0	0	265	1.20542991605207E-05	0.152537909990269	-2.5777106774781E-04
0	0	266	1.33022252443419E-05	0.151256922120889	-2.51949968205278E-04
0	0	267	1.5107208734593E-05	0.149990485503453	-2.45427081580733E-04
0	0	268	1.7469249631274E-05	0.14873860013796	-2.38202407874176E-04
0	0	269	2.03883479343848E-05	0.14750126602441	-2.30275947085607E-04
0	0	270	2.38645036439254E-05	0.146278483162804	-2.21647699215026E-04
0	0	271	2.7897716759896E-05	0.145070251553142	-2.12317664262432E-04
0	0	272	3.24879872822963E-05	0.143876571195423	-2.02285842227826E-04
0	0	273	3.76353152111264E-05	0.142697442089648	-1.91552233111208E-04
0	0	274	2.72116516819589E-05	0.141476404424634	-2.00792778796428E-04
0	0	275	2.62764789255506E-05	0.14030378322719	-2.01468944190107E-04
0	0	276	2.52423869422748E-05	0.139143761810597	-2.03010586339014E-04
0	0	277	2.41093757321315E-05	0.137996340174856	-2.05417705243146E-04
0	0	278	2.28774452951208E-05	0.136861518319966	-2.08690300902505E-04
0	0	279	2.15465956312425E-05	0.135739296245926	-2.12828373317091E-04
0	0	280	2.01168267404967E-05	0.134629673952739	-2.17831922486903E-04
0	0	281	1.85881386228836E-05	0.133532651440402	-2.23700948411942E-04
0	0	282	2.60080735195151E-05	0.13244771618174	-1.26217948164613E-04
0	0	283	2.38990451397375E-05	0.131372557501014	-1.35280942975327E-04
0	0	284	2.18738801883748E-05	0.130306928056403	-1.4369723915455E-04
0	0	285	1.99325786654271E-05	0.129250827847909	-1.51466836702283E-04
0	0	286	1.80751405708944E-05	0.128204256875531	-1.58589735618525E-04
0	0	287	1.63015659047765E-05	0.127167215139269	-1.65065935903276E-04
0	0	288	1.46118546670737E-05	0.126139702639123	-1.70895437556537E-04
0	0	289	1.3006006857786E-05	0.125121719375094	-1.76078240578307E-04
0	0	290	1.1484022476913E-05	0.12411326534718	-1.80614344968587E-04
0	0	291	1.00459015244551E-05	0.123114340555383	-1.84503750727375E-04
0	0	292	8.69164400041209E-06	0.122124944999701	-1.87746457854674E-04
0	0	293	7.42124990478401E-06	0.121145078680136	-1.90342466350482E-04
0	0	294	6.23471923757096E-06	0.120174741596687	-1.92291776214799E-04
0	0	295	5.13205199877282E-06	0.119213933749354	-1.93594387447625E-04
0	0	296	4.1132481883897E-06	0.118262655138138	-1.94250300048962E-04
0	0	297	3.17830780642152E-06	0.117320905763037	-1.94259514018806E-04
0	0	298	2.32723085286826E-06	0.116388685624052	-1.93622029357161E-04
0	0	299	1.56001732773001E-06	0.115465994721184	-1.92337846064025E-04
0	0	300	8.76667231006736E-07	0.114552833054432	-1.90406964139398E-04
0	0	301	2.77180562698376E-07	0.113649200623796	-1.8782938358328E-04
0	0	302	-2.3844267719499E-07	0.112755097429276	-1.84605104395672E-04
0	0	303	-6.70202488673417E-07	0.111870523470872	-1.80734126576574E-04
0	0	304	-1.01809887173685E-06	0.110995478748584	-1.76216450125985E-04
0	0	305	-1.28213182638537E-06	0.110129963262412	-1.71052075043904E-04
0	0	306	-1.46230135261888E-06	0.109273977012357	-1.65241001330334E-04
0	0	307	-1.55860745043745E-06	0.108427519998418	-1.58783228985273E-04
0	0	308	-1.57105011984105E-06	0.107590592220594	-1.51678758008721E-04
0	0	309	-1.4996293608297E-06	0.106763193678887	-1.43927588400679E-04
0	0	310	-1.34434517340338E-06	0.105945324373296	-1.35529720161146E-04
0	0	311	9.11893201511874E-07	0.105256278533089	-1.04998167274967E-04
0	0	312	1.03422250341866E-06	0.104445973818575	-1.00097152548105E-04
0	0	313	1.18027610039315E-06	0.103642891971305	-9.58446284320664E-05
0	0	314	1.35005399243538E-06	0.10284703299128	-9.22405949268513E-05
0	0	315	1.54355617954532E-06	0.1020583968785	-8.92850520324593E-05
0	0	316	1.76078266172299E-06	0.101276983632965	-8.69779997488909E-05
0	0	317	2.0017334389684E-06	0.100502793254674	-8.53194380761456E-05
0	0	318	2.26640851128151E-06	9.97358257436284E-02	-8.43093670142235E-05
0	0	319	2.55480787866235E-06	9.89760810998274E-02	-8.39477865631245E-05
0	0	320	2.86693154111093E-06	9.82235593232711E-02	-8.42346967228489E-05
0	0	321	3.20277949862721E-06	9.74782604139597E-02	-8.51700974933966E-05
0	0	322	3.56235175121123E-06	0.096740184371893	-8.67539888747675E-05
0	0	323	-3.53393125553173E-07	9.60077993318889E-02	-8.38686483546573E-05
0	0	324	-4.23338066453854E-07	9.52815443372457E-02	-8.37394821565629E-05
0	0	325	-5.05125509784043E-07	9.45623833709755E-02	-8.4101400293198E-05
0	0	326	-5.98755455543767E-07	9.38503164330783E-02	-8.49544027645627E-05
0	0	327	-7.04227903732997E-07	9.31453435235541E-02	-8.62984895706576E-05
0	0	328	-8.21542854351763E-07	9.24474646424028E-02	-8.81336607114819E-05
0	0	329	-9.50700307400001E-07	9.17566797896245E-02	-9.04599161870362E-05
0	0	330	-1.0917002628778E-06	9.10729889652191E-02	-9.32772559973197E-05
0	0	331	-1.2445427207851E-06	9.03963921691866E-02	-9.65856801423331E-05
0	0	332	-1.40922768112192E-06	8.97268894015272E-02	-1.00385188622076E-04
0	0	333	-1.58575514388826E-06	8.90644806622407E-02	-1.04675781436548E-04
0	0	334	-1.77412510908412E-06	8.84091659513271E-02	-1.09457458585751E-04
0	0	335	-1.97433757670949E-06	8.77609452687865E-02	-1.14730220069682E-04
0	0	336	-2.18639254676438E-06	8.71198186146189E-02	-1.20494065888345E-04
0	0	337	-2.4102900192488E-06	8.64857859888242E-02	-1.26748996041736E-04
0	0	338	-1.27508582463979E-06	0.085868357013522	-1.68130784841199E-04
0	0	339	-5.9617817381248E-07	8.52709749260404E-02	-1.60432475088666E-04
0	0	340	1.11967912387763E-07	8.46774870939736E-02	-1.52883850218575E-04
0	0	341	8.49352433960887E-07	8.40878935173217E-02	-1.45484910230925E-04
0	0	342	1.61597539090698E-06	8.35021941960847E-02	-1.38235655125716E-04
0	0	343	2.41183678322593E-06	8.29203891302627E-02	-1.31136084902949E-04
0	0	344	3.23693661091784E-06	8.23424783198555E-02	-1.24186199562624E-04
0	0	345	4.09127487398263E-06	8.17684617648632E-02	-1.17385999104739E-04
0	0	346	4.97485157242037E-06	8.11983394652858E-02	-1.10735483529296E-04
0	0	347	5.88766670623099E-06	8.06321114211233E-02	-1.04234652836295E-04
0	0	348	6.82972027541456E-06	8.00697776323756E-02	-9.7883507025735E-05
0	0	349	7.80101227997105E-06	7.95113380990429E-02	-9.16820460976164E-05
0	0	350	8.80154271990041E-06	7.89567928211251E-02	-8.56302700519394E-05
0	0	351	9.83131159520273E-06	7.84061417986221E-02	-7.97281788887035E-05
0	0	352	1.08903189058779E-05	7.78593850315341E-02	-7.39757726079097E-05
0	0	353	1.1978564651926E-05	0.077316522519861	-6.83730512095567E-05
0	0	354	9.47780653213453E-05	7.67835773973156E-02	2.60174411983477E-06
0	0	355	8.97040992512778E-05	7.62556273283744E-02	-2.29127859799066E-06
0	0	356	8.47375209351807E-05	0.075731314079246	-7.03839138380123E-06
0	0	357	7.98783303730533E-05	7.52106376499303E-02	-1.16395942375979E-05
0	0	358	7.51265275648963E-05	7.46935980404275E-02	-1.60948871593798E-05
0	0	359	7.04821125107092E-05	7.41801952507374E-02	-2.04042701491478E-05
0	0	360	6.59450852104923E-05	7.36704292808601E-02	-2.45677432069012E-05
0	0	361	6.15154456642453E-05	7.31643001307956E-02	-2.85853063326404E-05
0	0	362	5.71931938719686E-05	7.26618078005439E-02	-3.24569595263651E-05
0	0	363	5.29783298336617E-05	7.21629522901049E-02	-3.61827027880756E-05
0	0	364	4.88708535493249E-05	7.16677335994788E-02	-3.9762536117772E-05
0	0	365	4.48707650189585E-05	7.11761517286655E-02	-4.31964595154534E-05
0	0	366	4.09780642425618E-05	7.06882066776649E-02	-4.6484472981121E-05
0	0	367	3.71927512201355E-05	7.02038984464771E-02	-4.96265765147739E-05
0	0	368	3.3514825951679E-05	6.97232270351021E-02	-5.26227701164128E-05
0	0	369	2.99442884371928E-05	0.06924619244354	-5.54730537860368E-05
0	0	370	2.64811386766764E-05	6.87727946717906E-02	-5.81774275236472E-05
0	0	371	2.31253766701304E-05	6.83030337198539E-02	-6.07358913292426E-05
0	0	372	1.98770024175542E-05	6.78369095877301E-02	-6.31484452028244E-05
0	0	373	1.67360159189482E-05	6.73744222754191E-02	-6.54150891443914E-05
0	0	374	1.37024171743122E-05	6.69155717829208E-02	-6.7535823153944E-05
0	0	375	1.07762061836464E-05	6.64603581102354E-02	-6.95106472314825E-05
0	0	376	7.95738294695054E-06	6.60087812573627E-02	-7.13395613770064E-05
0	0	377	5.24594746422474E-06	6.55608412243028E-02	-7.30225655905161E-05
0	0	378	2.64189973546914E-06	6.51165380110557E-02	-7.45596598720115E-05
0	0	379	1.45239760683502E-07	6.46758716176214E-02	-7.59508442214925E-05
0	0	380	-2.24403246013196E-06	6.42388420439999E-02	-7.71961186389592E-05
0	0	381	-4.52591692697744E-06	6.38054492901912E-02	-7.82954831244116E-05
0	0	382	-6.70041363985274E-06	6.33756933561952E-02	-7.92489376778494E-05
0	0	383	-8.76752259875808E-06	6.29495742420121E-02	-8.00564822992731E-05
0	0	384	-1.07272438036932E-05	6.25270919476417E-02	-8.07181169886823E-05
0	0	385	-1.25795772546584E-05	6.21082464730841E-02	-8.12338417460771E-05
0	0	386	-1.43245229516535E-05	6.16930378183394E-02	-8.1603656571458E-05
0	0	387	-1.59620808946785E-05	6.12814659834073E-02	-8.18275614648242E-05
0	0	388	-1.71895037429137E-05	6.08735309682881E-02	-8.19055564261762E-05
0	0	389	-1.71895037429137E-05	6.04692327729817E-02	-8.18376414555135E-05
0	0	390	-1.71895037429137E-05	6.00685713974881E-02	-8.16238165528368E-05
0	0	391	-1.71895037429137E-05	5.96715468418072E-02	-8.12640817181459E-05
0	0	392	-1.71895037429137E-05	5.92781591059392E-02	-8.07584369514402E-05
0	0	393	-1.71895037429137E-05	5.88884081898839E-02	-8.01068822527205E-05
0	0	394	-1.71895037429137E-05	5.85022940936414E-02	-7.93094176219863E-05
0	0	395	-1.71895037429137E-05	5.81198168172117E-02	-7.83660430592382E-05
0	0	396	-1.71895037429137E-05	5.77409763605948E-02	-7.72767585644752E-05
0	0	397	-1.71895037429137E-05	5.73657727237907E-02	-7.60415641376981E-05
0	0	398	-1.71895037429137E-05	5.69942059067994E-02	-7.46604597789068E-05
0	0	399	-1.71895037429137E-05	5.66262759096209E-02	-7.3133445488101E-05
0	0	400	-1.71895037429137E-05	5.62619827322551E-02	-7.14605212652809E-05
0	0	401	-1.71895037429137E-05	5.59013263747022E-02	-6.96416871104463E-05
0	0	402	-1.71895037429137E-05	0.055544306836962	-6.76769430235976E-05
0	0	403	-1.71895037429137E-05	5.51909241190346E-02	-6.55662890047345E-05
0	0	404	-1.71895037429137E-05	0.05484117822092	-6.3309725053857E-05
0	0	405	-1.71895037429137E-05	5.44950691426182E-02	-6.09072511709647E-05
0	0	406	-1.71895037429137E-05	5.41525968841292E-02	-5.83588673560589E-05
0	0	407	-1.71895037429137E-05	0.053813761445453	-5.56645736091383E-05
0	0	408	-1.71895037429137E-05	5.34785628265895E-02	-5.28243699302036E-05
0	0	409	-1.71895037429137E-05	5.31470010275389E-02	-4.9838256319254E-05
0	0	410	-1.71895037429137E-05	0.052819076048301	-4.67062327762904E-05
0	0	411	-1.71895037429137E-05	0.052494787888876	-4.34282993013129E-05
0	0	412	-1.71895037429137E-05	5.21741365492637E-02	-4.00044558943205E-05
0	0	413	-1.71895037429137E-05	5.18571220294642E-02	-3.64347025553139E-05
0	0	414	-1.71895037429137E-05	5.15437443294774E-02	-3.27190392842929E-05
0	0	415	-1.71895037429137E-05	5.12340034493035E-02	-2.88574660812579E-05
0	0	416	1.53794331899004E-05	5.12405257954342E-02	2.15641508798254E-06
0	0	417	1.50268113697209E-05	5.09234431269053E-02	3.64890601531601E-06
0	0	418	1.46770610775859E-05	5.06088771534359E-02	4.99195781625059E-06
0	0	419	1.43301823134955E-05	0.050296827875026	6.18557049078553E-06
0	0	420	1.39861750774498E-05	4.99872952916756E-02	7.22974403892164E-06
0	0	421	1.36450393694487E-05	4.96802794033848E-02	8.12447846065814E-06
0	0	422	1.33067751894921E-05	4.93757802101535E-02	8.86977375599562E-06
0	0	423	1.29713825375802E-05	4.90737977119816E-02	9.46562992493358E-06
0	0	424	1.26388614137128E-05	4.87743319088694E-02	9.91204696747248E-06
0	0	425	1.23092118178901E-05	4.84773828008167E-02	1.02090248836123E-05
0	0	426	1.1982433750112E-05	4.81829503878234E-02	1.03565636733526E-05
0	0	427	1.16585272103784E-05	4.78910346698898E-02	1.03546633366935E-05
0	0	428	1.13374921986895E-05	4.76016356470156E-02	1.02033238736354E-05
0	0	429	1.10193287150452E-05	0.047314753319201	9.90254528417822E-06
0	0	430	1.07040367594455E-05	4.70303876864459E-02	9.45232756832147E-06
0	0	431	1.03916163318904E-05	4.67485387487503E-02	8.85267072606574E-06
0	0	432	1.00820674323799E-05	4.64692065061142E-02	8.10357475741049E-06
0	0	433	9.77539006091401E-06	4.61923909585377E-02	7.20503966235614E-06
0	0	434	9.4715842174927E-06	4.59180921060207E-02	6.15706544090237E-06
0	0	435	9.17064990211602E-06	4.56463099485632E-02	4.95965209304958E-06
0	0	436	8.87258711478394E-06	4.53770444861653E-02	3.61279961879741E-06
0	0	437	8.57739585549646E-06	4.51102957188269E-02	2.11650801814618E-06
0	0	438	8.28507612425357E-06	0.044846063646548	4.7077729109538E-07
0	0	439	7.9956279210553E-06	4.45843482693286E-02	-1.32439256235439E-06
0	0	440	7.70905124590164E-06	4.43251495871688E-02	-3.26900154220347E-06
0	0	441	7.42534609879256E-06	4.40684676000684E-02	-5.36304964845201E-06
0	0	442	7.14451247972811E-06	4.38143023080277E-02	-7.60653688109951E-06
0	0	443	6.86655038870826E-06	4.35626537110464E-02	-9.99946324014645E-06
0	0	444	6.59145982573301E-06	4.33135218091247E-02	-1.25418287255925E-05
0	0	445	6.31924079080235E-06	4.30669066022625E-02	-1.5233633337438E-05
0	0	446	6.04989328391631E-06	4.28228080904598E-02	-1.80748770756826E-05
0	0	447	5.78341730507488E-06	4.25812262737166E-02	-2.10655599403265E-05
0	0	448	5.51981285427805E-06	0.042342161152033	-2.42056819313694E-05
0	0	449	5.25907993152581E-06	4.21056127254089E-02	-2.74952430488121E-05
0	0	450	5.00121853681818E-06	4.18715809938443E-02	-3.09342432926537E-05
0	0	451	4.74622867015517E-06	4.16400659573393E-02	-3.45226826628945E-05
0	0	452	4.49411033153673E-06	4.14110676158937E-02	-3.82605611595348E-05
0	0	453	4.24486352096293E-06	4.11845859695078E-02	-4.21478787825741E-05
0	0	454	3.99848823843372E-06	4.09606210181813E-02	-4.61846355320127E-05
0	0	455	3.75498448394912E-06	4.07391727619143E-02	-5.03708314078505E-05
0	0	456	3.51435225750911E-06	4.05202412007069E-02	-5.47064664100879E-05
0	0	457	3.27659155911372E-06	0.040303826334559	-5.91915405387242E-05
0	0	458	3.04170238876293E-06	4.00899281634707E-02	-6.38260537937596E-05
0	0	459	2.80968474645675E-06	3.98785466874418E-02	-6.86100061751944E-05
0	0	460	2.58053863219515E-06	3.96696819064725E-02	-7.35433976830289E-05
0	0	461	2.35426404597817E-06	3.94633338205628E-02	-7.86262283172622E-05
0	0	462	2.1308609878058E-06	3.92595024297125E-02	-8.38584980778947E-05
0	0	463	1.35417910985194E-06	3.90550702713916E-02	-1.85442147338621E-05
0	0	464	2.02989774716158E-06	3.88494568601482E-02	-1.71726460881606E-05
0	0	465	2.69174276519613E-06	3.86449099455403E-02	-1.58511339644135E-05
0	0	466	3.33971416395558E-06	3.84414295275679E-02	-1.45796783626207E-05
0	0	467	3.97381194343998E-06	0.038239015606231	-1.33582792827823E-05
0	0	468	4.59403610364923E-06	3.80376681815297E-02	-1.21869367248982E-05
0	0	469	5.20038664458339E-06	3.78373872534639E-02	-1.10656506889686E-05
0	0	470	5.79286356624244E-06	3.76381728220337E-02	-9.99442117499334E-06
0	0	471	6.37146686862645E-06	3.74400248872389E-02	-8.97324818297239E-06
0	0	472	6.93619655173531E-06	3.72429434490797E-02	-8.00213171290593E-06
0	0	473	7.48705261556907E-06	3.70469285075561E-02	-7.08107176479385E-06
0	0	474	8.02403506012778E-06	3.68519800626679E-02	-6.21006833863606E-06
0	0	475	8.54714388541135E-06	3.66580981144153E-02	-5.38912143443273E-06
0	0	476	9.05637909141981E-06	3.64652826627982E-02	-4.61823105218384E-06
0	0	477	9.55174067815318E-06	3.62735337078167E-02	-3.89739719188927E-06
0	0	478	1.00332286456115E-05	3.60828512494706E-02	-3.22661985354905E-06
0	0	479	1.05008429937947E-05	3.58932352877601E-02	-2.60589903716328E-06
0	0	480	1.09545837227027E-05	3.57046858226852E-02	-2.03523474273202E-06
0	0	481	1.13944508323357E-05	3.55172028542458E-02	-1.51462697025485E-06
0	0	482	5.10508071467777E-05	3.53305400397194E-02	2.53681014704523E-05
0	0	483	4.84605452412263E-05	3.51445772235304E-02	2.25049280608327E-05
0	0	484	4.59191709708301E-05	3.49597067602021E-02	1.9702895011178E-05
0	0	485	4.34266843355895E-05	3.47759286497345E-02	1.6962002321489E-05
0	0	486	4.09830853355044E-05	3.45932428921277E-02	1.42822499917653E-05
0	0	487	3.85883739705747E-05	3.44116494873817E-02	1.16636380220069E-05
0	0	488	3.62425502408003E-05	3.42311484354964E-02	9.10616641221374E-06
0	0	489	3.39456141461815E-05	3.40517397364719E-02	6.60983516238591E-06
0	0	490	3.16975656867181E-05	3.38734233903081E-02	4.17464427252353E-06
0	0	491	2.94984048624099E-05	3.36961993970051E-02	1.80059374262621E-06
0	0	492	2.73481316732574E-05	3.35200677565629E-02	-5.12316427305458E-07
0	0	493	2.52467461192603E-05	3.33450284689814E-02	-2.76408623727202E-06
0	0	494	2.31942482004186E-05	3.31710815342606E-02	-4.95471568727298E-06
0	0	495	2.11906379167322E-05	3.29982269524006E-02	-7.08420477730907E-06
0	0	496	1.92359152682014E-05	3.28264647234014E-02	-9.1525535073794E-06
0	0	497	1.7330080254826E-05	0.032655794847263	-1.11597618774845E-05
0	0	498	1.54731328766061E-05	3.24862173239852E-02	-1.31058298876243E-05
0	0	499	1.36650731335414E-05	3.23177321535683E-02	-1.49907575377989E-05
0	0	500	1.19059010256323E-05	3.21503393360121E-02	-1.6814544828008E-05
0	0	501	1.01956165528787E-05	3.19840388713167E-02	-1.85771917582519E-05
0	0	502	8.53421971528028E-06	3.18188307594819E-02	-2.02786983285305E-05
0	0	503	6.92171051283749E-06	0.031654715000508	-2.19190645388436E-05
0	0	504	5.35808894555014E-06	3.14916915943949E-02	-2.34982903891914E-05
0	0	505	3.8433550134182E-06	3.13297605411425E-02	-2.50163758795739E-05
0	0	506	2.37750871644157E-06	3.11689218407508E-02	-2.64733210099912E-05
0	0	507	9.60550054620483E-07	3.10091754932199E-02	-2.78691257804431E-05
0	0	508	-4.07520972045156E-07	3.08505214985497E-02	-2.92037901909296E-05
0	0	509	-1.72670436355537E-06	3.06929598567404E-02	-3.04773142414508E-05
0	0	510	-2.99700011991027E-06	3.05364905677917E-02	-3.16896979320068E-05
0	0	511	-4.21840824110962E-06	3.03811136317039E-02	-3.28409412625973E-05
0	0	512	-5.39092872715354E-06	3.02268290484767E-02	-3.39310442332225E-05
0	0	513	-6.51456157804214E-06	3.00736368181104E-02	-3.49600068438825E-05
0	0	514	-7.5893067937752E-06	2.99215369406048E-02	-3.5927829094577E-05
0	0	515	-8.61516437435283E-06	2.97705294159599E-02	-3.68345109853063E-05
0	0	516	-9.59213431977503E-06	2.96206142441759E-02	-3.76800525160701E-05
0	0	517	-9.87258268772442E-06	2.94717914252525E-02	-3.84644536868688E-05
0	0	518	-9.87258268772442E-06	2.93240609591899E-02	-3.9187714497702E-05
0	0	519	-9.87258268772442E-06	2.91774228459881E-02	-3.984983494857E-05
0	0	520	-9.87258268772442E-06	2.90318770856471E-02	-4.04508150394726E-05
0	0	521	-9.87258268772442E-06	2.88874236781668E-02	-4.09906547704099E-05
0	0	522	-9.87258268772442E-06	2.87440626235472E-02	-4.14693541413818E-05
0	0	523	-9.87258268772442E-06	2.86017939217884E-02	-4.18869131523884E-05
0	0	524	-9.87258268772442E-06	2.84606175728904E-02	-4.22433318034298E-05
0	0	525	-9.87258268772442E-06	2.83205335768531E-02	-4.25386100945057E-05
0	0	526	-9.87258268772442E-06	2.81815419336766E-02	-4.27727480256164E-05
0	0	527	-9.87258268772442E-06	2.80436426433608E-02	-4.29457455967616E-05
0	0	528	-9.87258268772442E-06	2.79068357059058E-02	-4.30576028079416E-05
0	0	529	-9.87258268772442E-06	2.77711211213116E-02	-4.31083196591563E-05
0	0	530	-9.87258268772442E-06	2.76364988895781E-02	-4.30978961504056E-05
0	0	531	-9.87258268772442E-06	2.75029690107054E-02	-4.30263322816896E-05
0	0	532	-9.87258268772442E-06	2.73705314846934E-02	-4.28936280530083E-05
0	0	533	-9.87258268772442E-06	2.72391863115422E-02	-4.26997834643616E-05
0	0	534	-9.87258268772442E-06	2.71089334912517E-02	-4.24447985157496E-05
0	0	535	-9.87258268772442E-06	0.026979773023822	-4.21286732071723E-05
0	0	536	-9.87258268772442E-06	0.026851704909253	-4.17514075386297E-05
0	0	537	-9.87258268772442E-06	2.67247291475448E-02	-4.13130015101217E-05
0	0	538	-9.87258268772442E-06	2.65988457386974E-02	-4.08134551216484E-05
0	0	539	-9.87258268772442E-06	2.64740546827107E-02	-4.02527683732098E-05
0	0	540	-9.87258268772442E-06	2.63503559795848E-02	-3.96309412648058E-05
0	0	541	-9.87258268772442E-06	2.62277496293196E-02	-3.89479737964365E-05
0	0	542	-9.87258268772442E-06	2.61062356319152E-02	-3.8203865968102E-05
0	0	543	-9.87258268772442E-06	2.59858139873716E-02	-3.7398617779802E-05
0	0	544	-9.87258268772442E-06	2.58664846956887E-02	-3.65322292315367E-05
0	0	545	-9.87258268772442E-06	2.57482477568665E-02	-3.56047003233061E-05
0	0	546	-9.87258268772442E-06	2.56311031709052E-02	-3.46160310551103E-05
0	0	547	-9.87258268772442E-06	2.55150509378045E-02	-3.35662214269489E-05
0	0	548	-9.87258268772442E-06	2.54000910575647E-02	-3.24552714388223E-05
0	0	549	-9.87258268772442E-06	2.52862235301855E-02	-3.12831810907305E-05
0	0	550	-9.87258268772442E-06	2.51734483556672E-02	-3.00499503826731E-05
0	0	551	-9.87258268772442E-06	2.50617655340096E-02	-2.87555793146507E-05
0	0	552	-9.87258268772442E-06	2.49511750652128E-02	-2.74000678866628E-05
0	0	553	-9.87258268772442E-06	2.48416769492767E-02	-2.59834160987096E-05
0	0	554	-9.87258268772442E-06	2.47332711862013E-02	-2.45056239507909E-05
0	0	555	-9.56160677000534E-06	2.46259577759868E-02	-2.29666914429071E-05
0	0	556	-8.58307130921034E-06	0.024519736718633	-2.13666185750579E-05
0	0	557	-7.5556482132599E-06	2.44146080141399E-02	-1.97054053472434E-05
0	0	558	-6.47933748215394E-06	2.43105716625076E-02	-1.79830517594635E-05
0	0	559	1.11111536926761E-05	2.43667275511785E-02	-5.03570409079613E-06
0	0	560	1.12465187145396E-05	2.42575118855323E-02	-4.26552961339747E-06
0	0	561	1.13697925152182E-05	2.41489401542046E-02	-3.53016111173313E-06
0	0	562	1.14809750947117E-05	2.40410123571956E-02	-2.82959858580326E-06
0	0	563	1.15800664530202E-05	2.39337284945052E-02	-2.16384203560786E-06
0	0	564	1.16670665901436E-05	2.38270885661333E-02	-1.53289146114681E-06
0	0	565	1.17419755060821E-05	0.02372109257208	-9.36746862420141E-07
0	0	566	1.18047932008355E-05	2.36157405123453E-02	-3.75408239427983E-07
0	0	567	1.18555196744039E-05	2.35110323869292E-02	1.51124407829879E-07
0	0	568	1.18941549267872E-05	2.34069681958317E-02	6.42851079353305E-07
0	0	569	1.19206989579856E-05	2.33035479390528E-02	1.0997717751423E-06
0	0	570	1.19351517679989E-05	2.32007716165924E-02	1.52188649519694E-06
0	0	571	1.19375133568272E-05	2.30986392284506E-02	1.90919523951712E-06
0	0	572	1.19277837244704E-05	2.29971507746274E-02	2.26169800810294E-06
0	0	573	1.19059628709287E-05	2.28963062551229E-02	2.57939480095432E-06
0	0	574	1.18720507962019E-05	2.27961056699368E-02	2.86228561807131E-06
0	0	575	1.18260475002901E-05	2.26965490190694E-02	3.11037045945384E-06
0	0	576	1.17679529831933E-05	2.25976363025206E-02	3.32364932510202E-06
0	0	577	1.16977672449114E-05	2.24993675202903E-02	3.50212221501568E-06
0	0	578	1.16154902854445E-05	2.24017426723786E-02	3.64578912919498E-06
0	0	579	1.15211221047926E-05	2.23047617587856E-02	3.7546500676399E-06
0	0	580	1.14146627029557E-05	0.022208424779511	3.82870503035044E-06
0	0	581	1.12961120799337E-05	2.21127317345551E-02	3.86795401732652E-06
0	0	582	1.11654702357267E-05	2.20176826239178E-02	3.87239702856823E-06
0	0	583	1.10227371703347E-05	0.021923277447599	3.84203406407557E-06
0	0	584	1.08679128837577E-05	2.18295162055989E-02	3.77686512384846E-06
0	0	585	1.07009973759956E-05	2.17363988979173E-02	3.67689020788692E-06
0	0	586	1.05219906470485E-05	2.16439255245543E-02	3.5421093161909E-06
0	0	587	1.03308926969164E-05	2.15520960855099E-02	3.37252244876061E-06
0	0	588	1.01277035255993E-05	2.14609105807841E-02	3.16812960559577E-06
0	0	589	9.91242313309713E-06	2.13703690103768E-02	2.92893078669667E-06
0	0	590	9.68505151940995E-06	2.12804713742882E-02	2.6549259920631E-06
0	0	591	9.44558868453772E-06	2.11912176725181E-02	2.34611522169508E-06
0	0	592	9.19403462848049E-06	2.11026079050666E-02	2.00249847559273E-06
0	0	593	8.93038935123824E-06	2.10146420719337E-02	1.62407575375584E-06
0	0	594	8.65465285281096E-06	2.09273201731194E-02	1.21084705618463E-06
0	0	595	8.36682513319863E-06	2.08406422086237E-02	7.62812382879002E-07
0	0	596	8.0669061924013E-06	2.07546081784465E-02	2.79971733838993E-07
0	0	597	7.75489603041895E-06	0.020669218082588	-2.37674890935439E-07
0	0	598	7.43079464725157E-06	0.020584471921048	-7.90127491444238E-07
0	0	599	7.09460204289913E-06	2.05003696938266E-02	-1.37738606768755E-06
0	0	600	6.74631821736171E-06	2.04169114009238E-02	-1.9994506196652E-06
