fieldmap_name:     	Complete Superbend
timestamp:         	2021-06-17_10-46-33
filename:          	2021-06-17_Complete_Superbend_BC_model2_Adapted_Z=0_600mm_I=150A.txt
MagNet_file:       	Complete_Superbend_BC_model2_Adapted.mn
nr_magnets:        	1

magnet_name:       	Complete
gap[mm]:           	
control_gap[mm]:   	--
magnet_length[mm]: 	
current_main[A]:   	--
NI_main[A.esp]:    	--
center_pos_z[mm]:  	0
center_pos_x[mm]:  	0
rotation[deg]:     	0

X[mm]	Y[mm]	Z[mm]	Bx	By	Bz [T]
------------------------------------------------------------------------------------------------------------------------------------------------------------------
0	0	0	-5.22992964189144E-04	-4.80653491591282	-1.35805389056036E-03
0	0	1	1.9281062929523E-04	-4.80592667203868	-3.94041807372962E-04
0	0	2	8.05250770969939E-04	-4.80197758151868	4.30034233047184E-04
0	0	3	1.31432746083498E-03	-4.79468764435282	1.11417423070008E-03
0	0	4	1.72004069889036E-03	-4.78405686054109	1.65837818558574E-03
0	0	5	2.02239048513607E-03	-4.7700852300835	2.06264609770416E-03
0	0	6	2.22137681957212E-03	-4.75277275298004	2.32697796705534E-03
0	0	7	2.3169997021985E-03	-4.73211942923072	2.45137379363926E-03
0	0	8	2.30925913301522E-03	-4.70812525883554	2.43583357745595E-03
0	0	9	2.19815511202227E-03	-4.68079024179449	2.28035731850542E-03
0	0	10	3.51741587940832E-03	-4.65505967462146	1.18006853582922E-03
0	0	11	3.62027630204986E-03	-4.62278570388357	2.57698179988789E-04
0	0	12	3.6877715251207E-03	-4.58747691732101	-9.08396090124541E-04
0	0	13	3.3836904251436E-03	-4.54944386457786	-2.26044704932833E-03
0	0	14	2.64441421311735E-03	-4.50678370116197	-2.81334615288851E-03
0	0	15	-2.60594505690295E-03	-4.45608096839613	-5.8302017814202E-03
0	0	16	-2.76412579242332E-03	-4.40338586757318	-4.59569235798801E-03
0	0	17	-2.8726882761172E-03	-4.34826348960415	-3.44370462411194E-03
0	0	18	-2.93163250798455E-03	-4.29071383448905	-2.37423857979186E-03
0	0	19	-2.94095848802539E-03	-4.23073690222788	-1.38729422502791E-03
0	0	20	-2.90066621623973E-03	-4.16833269282064	-4.82871559820096E-04
0	0	21	-2.81075569262756E-03	-4.10350120626733	3.39029415831665E-04
0	0	22	-2.67122691718887E-03	-4.03624244256794	1.07840870192729E-03
0	0	23	-2.48207988992368E-03	-3.96655640172248	1.7352662984669E-03
0	0	24	-2.24331461083197E-03	-3.89444308373096	2.3096022054504E-03
0	0	25	-1.95493107991376E-03	-3.81990248859336	2.80141642287782E-03
0	0	26	-1.61692929716903E-03	-3.74293461630968	3.21070895074915E-03
0	0	27	-1.2293092625978E-03	-3.66353946687994	3.53747978906429E-03
0	0	28	-7.92070976200053E-04	-3.58171704030413	3.78172893782355E-03
0	0	29	-3.05214437975795E-04	-3.49746733658224	3.94345639702657E-03
0	0	30	3.86481828520786E-03	-3.41301898152244	-1.97116427227508E-03
0	0	31	3.94124443032921E-03	-3.33007871830439	-3.70742202326904E-03
0	0	32	4.05140799064795E-03	-3.24711612233428	-5.04539854976756E-03
0	0	33	4.19530896616409E-03	-3.16413119361211	-5.98509385177052E-03
0	0	34	4.37294735687763E-03	-3.08112393213786	-6.52650792927789E-03
0	0	35	6.13794026445069E-03	-2.99026494077317	-3.42548158338578E-03
0	0	36	6.16403128359929E-03	-2.90511132136262	-2.39789779702512E-03
0	0	37	6.11118105478314E-03	-2.82024584162023	-1.47775863567591E-03
0	0	38	5.97938957800224E-03	-2.73566850154598	-6.65064099338711E-04
0	0	39	5.76865685325659E-03	-2.65137930113989	4.01858119874546E-05
0	0	40	5.4789828805462E-03	-2.56737824040196	6.37991098301705E-04
0	0	41	5.11036765987104E-03	-2.48366531933217	1.12835175960409E-03
0	0	42	4.66281119123115E-03	-2.40024053793054	1.51126779589537E-03
0	0	43	4.1363134746265E-03	-2.31710389619707	1.78673920717459E-03
0	0	44	3.53087451005711E-03	-2.23425539413174	1.95476599344264E-03
0	0	45	2.84649429752296E-03	-2.15169503173457	2.01534815469891E-03
0	0	46	1.92164751723776E-03	-2.06915665525128	1.93987321057049E-03
0	0	47	1.18457727016047E-03	-1.98934980949281	3.5959106316767E-04
0	0	48	3.66901863924624E-04	-1.91018840680508	-1.68444205002807E-03
0	0	49	-2.29255569602088E-03	-1.82973088444939	-4.66430576151282E-03
0	0	50	-2.3115505491875E-03	-1.74948296972704	-2.77068685370314E-03
0	0	51	-2.26727132736608E-03	-1.67084410871012	-1.14715108189604E-03
0	0	52	-2.15971803055663E-03	-1.59381430139861	2.06301553908404E-04
0	0	53	-1.98889065875914E-03	-1.51839354779253	1.28967105371017E-03
0	0	54	-1.75478921197362E-03	-1.44458184789188	2.10295741750928E-03
0	0	55	-1.45741369020007E-03	-1.37237920169664	2.64616064530578E-03
0	0	56	-1.09676409343848E-03	-1.30178560920683	2.91928073709958E-03
0	0	57	-6.72840421688864E-04	-1.23280107042243	2.92231769289079E-03
0	0	58	-1.85642674951209E-04	-1.16542558534346	2.65527151267932E-03
0	0	59	3.64829146774479E-04	-1.09965915396992	2.1181421964652E-03
0	0	60	9.78575043488201E-04	-1.03550177630179	1.31092974424842E-03
0	0	61	1.65559501518996E-03	-0.97295345233909	2.33634156029061E-04
0	0	62	2.39588906187975E-03	-0.912014182081809	-1.11374456819303E-03
0	0	63	3.19945718355756E-03	-0.852683965529952	-2.73120642841772E-03
0	0	64	4.06629938022342E-03	-0.794962802683516	-4.61875142464507E-03
0	0	65	4.99641565187731E-03	-0.738850693542502	-6.77637955687508E-03
0	0	66	-5.76707549797322E-03	-0.692848840957238	5.02056804008514E-03
0	0	67	-4.37514549539775E-03	-0.641748072447521	2.78289164956083E-03
0	0	68	-3.15951749650195E-03	-0.592882689480887	8.88523064491342E-04
0	0	69	-2.61023581963918E-03	-0.543981548128581	-9.68528484706594E-04
0	0	70	-1.70039492510243E-03	-0.499961831776469	-1.74845875509776E-03
0	0	71	-8.93282367051182E-04	-0.457954576125475	-2.35338580748333E-03
0	0	72	-1.88898145485456E-04	-0.417959781175601	-2.7833096418633E-03
0	0	73	4.1275773959474E-04	-0.379977446926846	-3.03823025823767E-03
0	0	74	9.11685288189433E-04	-0.34400757337921	-3.11814765660645E-03
0	0	75	1.3078845002986E-03	-0.310050160532692	-3.02306183696963E-03
0	0	76	1.60135537592226E-03	-0.278105208387293	-2.75297279932721E-03
0	0	77	1.7920979150604E-03	-0.248172716943014	-2.30788054367919E-03
0	0	78	1.88011211771302E-03	-0.220252686199853	-1.68778507002558E-03
0	0	79	1.86539798388011E-03	-0.194345116157812	-8.92686378366359E-04
0	0	80	1.7479555135617E-03	-0.170450006816889	7.74155312984505E-05
0	0	81	1.52778470675776E-03	-0.148567358177085	1.22252065896885E-03
0	0	82	1.20488556346831E-03	-0.128697170238401	2.54262900464486E-03
0	0	83	-8.97964224426502E-04	-0.115718469681744	5.47389441820089E-03
0	0	84	-7.4283010418658E-04	-9.84272333439161E-02	5.93419199961922E-03
0	0	85	-5.24014435561067E-04	-8.30427979019966E-02	6.32143222299717E-03
0	0	86	-2.4151721854996E-04	-6.95651633559854E-02	6.63561508833473E-03
0	0	87	-3.92329016104343E-03	-5.18836539794268E-02	-4.84283799430177E-03
0	0	88	-3.88235061450483E-03	-4.20515435792991E-02	-3.25416453942182E-03
0	0	89	-3.79637828957152E-03	-0.032876690309286	-1.90988069476288E-03
0	0	90	-3.66537318624352E-03	-2.43590941693874E-02	-8.09986460324985E-04
0	0	91	-3.48933530452081E-03	-1.64987551596035E-02	4.55181638918715E-05
0	0	92	-3.26826464440339E-03	-9.29567327993413E-03	6.56633177887686E-04
0	0	93	-3.00216120589128E-03	-2.74984853037941E-03	1.02335858166246E-03
0	0	94	-2.69102498898446E-03	3.13871908906068E-03	1.14569437521619E-03
0	0	95	-2.33485599368293E-03	8.37002957838615E-03	1.02364055854888E-03
0	0	96	-1.93365421998671E-03	0.012944082937597	6.57197131660524E-04
0	0	97	-1.48741966789578E-03	1.68608791666933E-02	4.63640945511267E-05
0	0	98	-9.96152337410144E-04	2.01204182656749E-02	-8.0885855277931E-04
0	0	99	-4.59852228529808E-04	2.27227002345419E-02	-1.90847081033079E-03
0	0	100	-1.38416971777689E-03	2.64779154818843E-02	-3.83700987622089E-04
0	0	101	-1.28449360866846E-03	2.77616665387222E-02	-4.31281500868095E-04
0	0	102	-1.19123377010896E-03	0.028843893690985	-4.71795158573312E-04
0	0	103	-1.10439020209838E-03	2.97245969386727E-02	-5.05241960737742E-04
0	0	104	-1.02396290463673E-03	3.04037762817853E-02	-5.31621907361383E-04
0	0	105	-9.49951877724017E-04	3.08814317203228E-02	-5.50934998444235E-04
0	0	106	-8.82357121360228E-04	3.11575632542852E-02	-5.63181233986301E-04
0	0	107	-8.21178635545366E-04	3.12321708836725E-02	-5.68360613987577E-04
0	0	108	-7.66416420279433E-04	3.11052546084848E-02	-5.66473138448065E-04
0	0	109	-7.18070475562428E-04	3.07768144287219E-02	-5.57518807367766E-04
0	0	110	-6.76140801394352E-04	3.02468503443839E-02	-5.41497620746678E-04
0	0	111	-6.40627397775204E-04	2.95153623554709E-02	-5.18409578584801E-04
0	0	112	-6.11530264704984E-04	2.85823504619827E-02	-4.88254680882137E-04
0	0	113	-5.88849402183693E-04	2.74478146639195E-02	-4.51032927638683E-04
0	0	114	-5.7258481021133E-04	2.61117549612811E-02	-4.06744318854444E-04
0	0	115	-5.62736488787896E-04	2.45741713540677E-02	-3.55388854529413E-04
0	0	116	-5.5930443791339E-04	2.28350638422791E-02	-2.96966534663596E-04
0	0	117	-5.62288657587812E-04	2.08944324259155E-02	-2.31477359256991E-04
0	0	118	-5.71689147811163E-04	1.87522771049768E-02	-1.58921328309595E-04
0	0	119	-5.87505908583442E-04	0.016408597879463	-7.9298441821414E-05
0	0	120	-4.18621838653644E-04	1.49863459390981E-02	-3.96189624802754E-04
0	0	121	-2.32931064652079E-04	0.012169734288938	-7.77001506459922E-05
0	0	122	-1.99841040834336E-04	9.5468649251256E-03	-7.41280396715887E-05
0	0	123	-1.72878908144519E-04	6.7793891557763E-03	-9.46408683665711E-05
0	0	124	-1.52044666582626E-04	3.86730698089013E-03	-1.39238636730941E-04
0	0	125	-1.37338316148658E-04	8.10618400467052E-04	-2.07921344764698E-04
0	0	126	-1.28759856842614E-04	-2.39067658549293E-03	-3.00688992467841E-04
0	0	127	-1.26309288664496E-04	-5.73657797698981E-03	-4.1754157984037E-04
0	0	128	-5.25102411605115E-05	-9.26388262672142E-03	-1.79819379728976E-05
0	0	129	8.97013386046212E-05	-1.25291932901005E-02	-5.90618505479008E-05
0	0	130	-1.25527504316037E-06	-1.63877272508771E-02	-2.54038297939223E-04
0	0	131	-8.04694651850542E-05	-2.03763051458983E-02	-4.10863489763681E-04
0	0	132	-1.47941231821058E-04	-2.44949269751638E-02	-5.2953742602125E-04
0	0	133	-2.03670574951169E-04	-2.87435927386736E-02	-6.10060106711983E-04
0	0	134	-2.47657494575398E-04	-3.31223024364281E-02	-6.52431531835779E-04
0	0	135	-2.79901990693733E-04	-3.76310560684268E-02	-6.56651701392732E-04
0	0	136	-3.0040406330618E-04	-4.22698536346699E-02	-6.22720615382809E-04
0	0	137	-3.09163712412737E-04	-4.70386951351574E-02	-5.50638273806015E-04
0	0	138	-3.06180938013406E-04	-5.19375805698895E-02	-4.40404676662339E-04
0	0	139	-1.38560848920268E-04	-5.60596721581658E-02	4.08625666461452E-05
0	0	140	-1.58780815180615E-04	-6.14000416990722E-02	6.43472580925987E-05
0	0	141	-1.73341688243796E-04	-6.68944596923766E-02	8.17280553047991E-05
0	0	142	-1.82243468109811E-04	-7.25429261380786E-02	9.30049582827433E-05
0	0	143	-1.85486154778659E-04	-7.83454410361785E-02	9.81779670264367E-05
0	0	144	-1.83069748250341E-04	-8.43020043866762E-02	9.72470815358754E-05
0	0	145	-1.74994248524856E-04	-9.04126161895717E-02	9.02123018110611E-05
0	0	146	-1.61259655602205E-04	-0.096677276444865	7.70736278519921E-05
0	0	147	-1.41865969482387E-04	-0.103095985152556	5.78310596586676E-05
0	0	148	-1.16813190165403E-04	-0.109668742312645	3.24845972310918E-05
0	0	149	-8.61013176512518E-05	-0.116395547925132	1.03424056925945E-06
0	0	150	-4.97303519399351E-05	-0.123276401990017	-3.65200103268249E-05
0	0	151	-7.70029303145171E-06	-0.130311304507299	-8.01781554571631E-05
0	0	152	-3.25551650283037E-05	-0.137458505841848	-2.36857103587428E-05
0	0	153	2.93573990996723E-05	-0.144959083737295	-6.83691757194091E-05
0	0	154	1.06444915114737E-04	-0.152672364761699	-1.47358045297491E-04
0	0	155	5.0383197286529E-04	-0.161125776437586	1.32733250525324E-03
0	0	156	2.46507947200566E-04	-0.169083031639406	4.33333479765737E-04
0	0	157	3.00121239515626E-05	-0.177260628423871	-2.96161832588735E-04
0	0	158	-1.4565549688169E-04	-0.18565856679098	-8.61153431810375E-04
0	0	159	-2.80494915299215E-04	-0.194276846740734	-1.26164131789903E-03
0	0	160	2.01956931639763E-04	-0.20411711379839	-1.13175266438171E-03
0	0	161	1.88981756188844E-04	-0.213204142465784	-1.21114341046694E-03
0	0	162	1.77255822763234E-04	-0.222418886134205	-1.21641543452981E-03
0	0	163	1.6677913136293E-04	-0.231761344803654	-1.1475687365703E-03
0	0	164	1.57551681987933E-04	-0.241231518474129	-1.00460331658842E-03
0	0	165	1.49573474638259E-04	-0.250829407145631	-7.87519174584232E-04
0	0	166	1.42844509313865E-04	-0.26055501081816	-4.96316310557547E-04
0	0	167	1.1145686993752E-04	-0.272665406405034	9.16286099569522E-04
0	0	168	8.76785568863226E-05	-0.282493514631432	1.12978184511345E-03
0	0	169	4.6533017958886E-05	-0.292325004525779	1.21967004717093E-03
0	0	170	-1.19797468448156E-05	-0.302159876088076	1.18595070574207E-03
0	0	171	-8.7859737524787E-05	-0.311998129318322	1.0286238208269E-03
0	0	172	-1.81106954081023E-04	-0.321839764216517	7.4768939242539E-04
0	0	173	-2.91721396513569E-04	-0.331684780782662	3.43147420537701E-04
0	0	174	6.92568750677645E-05	-0.341673712481646	2.91381455778466E-04
0	0	175	1.26952294572088E-04	-0.351528162438472	8.31025749523139E-05
0	0	176	1.78362504569224E-04	-0.361283248308961	-2.64325101170121E-04
0	0	177	2.23487505059178E-04	-0.370938970093113	-7.50901572588863E-04
0	0	178	2.62327296041946E-04	-0.380495327790928	-1.3766268393039E-03
0	0	179	2.94881877517529E-04	-0.389952321402406	-2.14150090131524E-03
0	0	180	-1.70880125110394E-04	-0.39883213388129	-4.88630541583577E-04
0	0	181	-2.03402682772472E-04	-0.407367138863942	-1.501238817394E-04
0	0	182	-2.36178670100673E-04	-0.415406048479679	9.52227723289407E-05
0	0	183	-2.69208087094991E-04	-0.422948862728502	2.47409420621443E-04
0	0	184	-3.02490933755439E-04	-0.42999558161041	3.06436063138127E-04
0	0	185	-3.36027210081999E-04	-0.436546205125404	2.72302699878964E-04
0	0	186	-3.6981691607468E-04	-0.442600733273483	1.45009330843965E-04
0	0	187	-4.03860051733482E-04	-0.448159166054648	-7.54440439668677E-05
0	0	188	-4.38156617058394E-04	-0.453221503468898	-3.89057424553551E-04
0	0	189	-3.54763625251508E-04	-0.457752443551249	-8.41535435708419E-04
0	0	190	-3.2436098495381E-04	-0.46237357164969	-8.88295083889314E-04
0	0	191	-2.57236421250163E-04	-0.466626847983537	-8.12990959386014E-04
0	0	192	-1.53389934140554E-04	-0.47051227255279	-6.15623062198532E-04
0	0	193	-1.28215236249857E-05	-0.474029845357449	-2.96191392326863E-04
0	0	194	1.64468810296526E-04	-0.477179566397513	1.45304050229003E-04
0	0	195	3.78481067624088E-04	-0.479961435672983	7.08863265469027E-04
0	0	196	-8.96179315223046E-05	-0.482211411335386	1.22607185782811E-04
0	0	197	-1.43828101125791E-04	-0.484435527585828	2.27091019717712E-05
0	0	198	-1.83882020211332E-04	-0.486434336253174	3.89209061518693E-06
0	0	199	-2.0977968877893E-04	-0.488207837337426	6.61561517130592E-05
0	0	200	6.65108144988335E-05	-0.490150431545447	-5.6463906677229E-04
0	0	201	2.85918802508884E-05	-0.491528915425072	-3.32478939114555E-04
0	0	202	-4.20144467165942E-06	-0.492792771596842	-1.59465772033676E-04
0	0	203	-3.18691602687968E-05	-0.493942000060756	-4.5599565529647E-05
0	0	204	-5.44112665405369E-05	-0.494976600816814	9.11968039753465E-06
0	0	205	-7.18277634868675E-05	-0.495896573865016	4.69196574786669E-06
0	0	206	-8.41186511078007E-05	-0.496701919205363	-5.88827094786492E-05
0	0	207	-9.12839294033281E-05	-0.497392636837854	-1.81604345282014E-04
0	0	208	-1.43326120010189E-04	-0.49818494804495	-8.83728410012673E-05
0	0	209	-1.15830129128259E-04	-0.49871918780323	-1.6928384214829E-04
0	0	210	-8.9217749545185E-05	-0.499195313904673	-2.13373493056159E-04
0	0	211	-6.3488981260964E-05	-0.49961332634928	-2.20641793724875E-04
0	0	212	-3.8643824275604E-05	-0.499973225137051	-1.91088744154438E-04
0	0	213	-1.46822785890895E-05	-0.500275010267984	-1.24714344344847E-04
0	0	214	8.39565579856E-06	-0.500518681742082	-2.15185942961027E-05
0	0	215	3.05899788873621E-05	-0.500704239559342	1.18498505991795E-04
0	0	216	5.19006906773065E-05	-0.500831683719766	2.95336956518846E-04
0	0	217	-8.6093955121318E-05	-0.501233794015071	-1.55642536349842E-04
0	0	218	-9.21912772167753E-05	-0.501348061729538	-1.14089330171842E-04
0	0	219	-9.70099447060441E-05	-0.501444410633511	-8.4336164399799E-05
0	0	220	-1.0054995758907E-04	-0.501522840726989	-6.63830390337138E-05
0	0	221	-1.02811315865972E-04	-0.501583352009972	-6.02299540735855E-05
0	0	222	-1.03794019536453E-04	-0.50162594448246	-6.58769095194181E-05
0	0	223	-1.03498068600685E-04	-0.501650618144453	-8.33239053712085E-05
0	0	224	-9.68244464301074E-05	-0.50172192235921	-3.46102517417933E-05
0	0	225	-1.07779753406875E-04	-0.501741656628807	-3.73040675007966E-05
0	0	226	-1.17691822146763E-04	-0.501747403553609	-3.94678619123998E-05
0	0	227	-1.2240961669306E-04	-0.501738721787667	-4.16504511210322E-05
0	0	228	-1.20010923476846E-04	-0.501716703298964	-4.49347222546969E-05
0	0	229	-1.17935257883662E-04	-0.501687043005651	-4.42642860212673E-05
0	0	230	-1.16182619913496E-04	-0.501649740907728	-3.96391424207435E-05
0	0	231	-1.14753009566357E-04	-0.501604797005194	-3.10592914531256E-05
0	0	232	-1.29100360917064E-04	-0.501588438866296	-5.4157610027592E-05
0	0	233	-1.236835552048E-04	-0.501537793442132	-4.96240841692775E-05
0	0	234	-1.19262331736866E-04	-0.501481500368639	-4.4694144691604E-05
0	0	235	-1.15836690513267E-04	-0.501419559645818	-3.93677915945718E-05
0	0	236	-1.09385519447064E-04	-0.501356538970833	-4.24707615476119E-05
0	0	237	-1.12196652024827E-04	-0.501287413494584	-3.76972719673229E-05
0	0	238	-1.14733852567417E-04	-0.501216052899343	-3.38623684670955E-05
0	0	239	-1.16997121074688E-04	-0.50114245718511	-3.0966051046927E-05
0	0	240	-1.18986457546783E-04	-0.501066626351884	-2.900831970682E-05
0	0	241	-1.20701861983629E-04	-0.500988560399667	-2.79891744467732E-05
0	0	242	-1.2214333438516E-04	-0.500908259328457	-2.79086152667853E-05
0	0	243	-1.23310874751515E-04	-0.500825723138255	-2.8766642166859E-05
0	0	244	-1.17745999491875E-04	-0.500764329684593	-1.13628045214989E-05
0	0	245	-1.2732254531695E-04	-0.500679370813115	-1.35450193299491E-05
0	0	246	-1.36562114668908E-04	-0.500592164796754	-1.56174945983388E-05
0	0	247	-1.45464707547751E-04	-0.500502711635511	-1.75802303266678E-05
0	0	248	-1.39616994500522E-04	-0.500396191313734	-2.74012872926874E-05
0	0	249	-1.41405978303352E-04	-0.500304360865366	-2.6985289254788E-05
0	0	250	-1.4327321389445E-04	-0.500211274135566	-2.58782823795463E-05
0	0	251	-1.45218701273825E-04	-0.500116931124335	-2.40802666669625E-05
0	0	252	-1.47242440441467E-04	-0.500021331831671	-2.15912421170363E-05
0	0	253	-1.60755994653361E-04	-0.499936869897126	-4.12111398528727E-05
0	0	254	-1.51964039597839E-04	-0.499841087097491	-3.95483788069919E-05
0	0	255	-1.43510645907126E-04	-0.499744174710588	-3.76544889678386E-05
0	0	256	-1.35395813581223E-04	-0.499646132736417	-3.55294703354126E-05
0	0	257	-1.27619542620135E-04	-0.499546961174979	-3.31733229097144E-05
0	0	258	-1.2884828135066E-04	-0.499442422896628	-2.04627145595379E-05
0	0	259	-1.29508396417029E-04	-0.499345121383988	-2.10454318869255E-05
0	0	260	-1.30357619247319E-04	-0.499247318483267	-2.15003527060122E-05
0	0	261	-1.31395949841526E-04	-0.499149014194465	-2.1827477016798E-05
0	0	262	-1.32623388199654E-04	-0.499050208517581	-2.20268048192829E-05
0	0	263	-1.34039934321699E-04	-0.498950901452617	-2.2098336113467E-05
0	0	264	-1.35645588207665E-04	-0.498851092999572	-2.20420708993501E-05
0	0	265	-1.37236706105304E-04	-0.498766918389128	-1.15273078577644E-05
0	0	266	-1.46664882766686E-04	-0.498666018501362	-1.01398185705743E-05
0	0	267	-1.5618355845021E-04	-0.498564062643975	-8.50470862965639E-06
0	0	268	-1.65792733155877E-04	-0.498461050816967	-6.62197803501009E-06
0	0	269	-1.56723445688877E-04	-0.498337202001177	-2.12941805133598E-05
0	0	270	-1.56878300938015E-04	-0.498233413670862	-2.09728569702555E-05
0	0	271	-1.56962482551578E-04	-0.498129130636834	-2.0670234702641E-05
0	0	272	-1.56975990529568E-04	-0.498024352899094	-2.03863137105163E-05
0	0	273	-1.5691882487198E-04	-0.497919080457641	-2.01210939938815E-05
0	0	274	-1.56790985578816E-04	-0.497813313312476	-1.98745755527362E-05
0	0	275	-1.56592472650081E-04	-0.497707051463599	-1.9646758387081E-05
0	0	276	-1.76636769124106E-04	-0.497616320696431	-5.70213705456504E-05
0	0	277	-1.62595255159015E-04	-0.497510208127185	-5.32611005208683E-05
0	0	278	-1.68183982082755E-04	-0.497388759604064	-1.76689364240259E-05
0	0	279	-1.67186378958847E-04	-0.497283411254821	-1.71753481544209E-05
0	0	280	-1.66834585983866E-04	-0.497177791243806	-1.68029787556622E-05
0	0	281	-1.6712860315782E-04	-0.497071899571018	-1.655182822775E-05
0	0	282	-1.68068430480709E-04	-0.496965736236457	-1.64218965706843E-05
0	0	283	-1.69654067952533E-04	-0.496859301240123	-1.64131837844651E-05
0	0	284	-1.71885515573289E-04	-0.496752594582016	-1.65256898690922E-05
0	0	285	-1.57764140712828E-04	-0.496674656361548	4.33188761586421E-06
0	0	286	-1.70036527699307E-04	-0.496567482706179	4.88837576366664E-06
0	0	287	-1.64630899096212E-04	-0.496429488338442	-2.03332990096277E-05
0	0	288	-1.65776644878067E-04	-0.49632158821748	-2.0240891538913E-05
0	0	289	-1.66812857170288E-04	-0.49621330202885	-2.01138869212776E-05
0	0	290	-1.67739535973107E-04	-0.496104629772553	-1.99522851567274E-05
0	0	291	-1.68556681286704E-04	-0.495995571448588	-1.97560862452667E-05
0	0	292	-1.69264293110786E-04	-0.495886127056955	-1.95252901868884E-05
0	0	293	-1.69862371445347E-04	-0.495776296597656	-1.92598969815923E-05
0	0	294	-1.70350916290583E-04	-0.495666080070689	-1.89599066293832E-05
0	0	295	-1.82839708403847E-04	-0.495567873151731	-5.44810659246926E-05
0	0	296	-1.68783198845441E-04	-0.495456960122347	-4.97431041883954E-05
0	0	297	-1.80744760201477E-04	-0.495326644444616	-1.52148107669246E-05
0	0	298	-1.80537667218478E-04	-0.495216430176843	-1.54412884509239E-05
0	0	299	-1.80863406736638E-04	-0.495106073234074	-1.57002256661116E-05
0	0	300	-1.81721978755962E-04	-0.494995573616306	-1.59916224124878E-05
0	0	301	-1.83113383276448E-04	-0.494884931323542	-1.63154786900524E-05
0	0	302	-1.85037620298098E-04	-0.49477414635578	-1.66717944988056E-05
0	0	303	-1.87494689820909E-04	-0.49466321871302	-1.70605698387471E-05
0	0	304	-1.85016091770565E-04	-0.494578069226867	1.42746353843223E-06
0	0	305	-1.97191996851717E-04	-0.494467081839256	2.65047785353008E-06
0	0	306	-0.000189750754855	-0.494331018594401	-2.01403927408292E-05
0	0	307	-1.91508310080035E-04	-0.494219030316212	-1.99618884466255E-05
0	0	308	-1.93251990124536E-04	-0.494106771159532	-1.96551266843495E-05
0	0	309	-1.949817949885E-04	-0.49399424112436	-1.92201074540012E-05
0	0	310	-1.96697724671932E-04	-0.493881440210696	-1.86568307555807E-05
0	0	311	-1.98399779174828E-04	-0.493768368418541	-1.79652965890877E-05
0	0	312	-2.00087958497187E-04	-0.493655025747893	-1.71455049545225E-05
0	0	313	-2.01762262639011E-04	-0.493541412198754	-1.61974558518849E-05
0	0	314	-2.03553677781894E-04	-0.493436989989968	-3.51723178092907E-05
0	0	315	-1.92945704331831E-04	-0.493321629386514	-2.93070405203253E-05
0	0	316	-1.82814319286544E-04	-0.493205109112568	-2.45777672026352E-05
0	0	317	-1.80303776858218E-04	-0.493079738608729	-1.35606852354823E-05
0	0	318	-1.7954806910092E-04	-0.492965508283816	-1.55093678770541E-05
0	0	319	-1.79500052837361E-04	-0.492850965925541	-1.74081495559263E-05
0	0	320	-1.80159728067538E-04	-0.492736111533904	-1.92570302720986E-05
0	0	321	-1.8152709479145E-04	-0.492620945108905	-2.10560100255711E-05
0	0	322	-1.87715425884402E-04	-0.492514204315639	-1.50261940970022E-05
0	0	323	-1.9881505586613E-04	-0.492400289233585	-1.28539370324089E-05
0	0	324	-2.10188463318077E-04	-0.49228523811783	-9.87526564668676E-06
0	0	325	-2.21835648240242E-04	-0.492169050968372	-6.09017993983646E-06
0	0	326	-2.20681424307221E-04	-0.492037670825431	-2.14623606749557E-05
0	0	327	-2.20148919995721E-04	-0.4919220990641	-2.02118268966234E-05
0	0	328	-2.19573845338739E-04	-0.491806148711248	-1.91452556635119E-05
0	0	329	-2.18956200336282E-04	-0.491689819766875	-1.82626469756217E-05
0	0	330	-2.18295984988341E-04	-0.491573112230981	-1.75640008329521E-05
0	0	331	-2.17593199294921E-04	-0.491456026103567	-1.70493172355037E-05
0	0	332	-2.16847843256025E-04	-0.491338561384632	-1.67185961832763E-05
0	0	333	-2.29955701429113E-04	-0.491244555701	-4.49927022282541E-05
0	0	334	-2.17399050285341E-04	-0.491126550906868	-4.2591282834422E-05
0	0	335	-2.05094295968981E-04	-0.491007838676543	-4.08722831474239E-05
0	0	336	-2.11374698296502E-04	-0.490866881332883	-1.81004899419107E-05
0	0	337	-2.1038442510293E-04	-0.490748392627235	-1.80115019844483E-05
0	0	338	-2.09677340322874E-04	-0.490629734316017	-1.8071675921097E-05
0	0	339	-2.09253443956335E-04	-0.490510906399229	-1.82810117518568E-05
0	0	340	-2.0911273600331E-04	-0.490391908876871	-1.86395094767277E-05
0	0	341	-2.09255216463799E-04	-0.490272741748944	-1.91471690957096E-05
0	0	342	-2.09680885337801E-04	-0.490153405015447	-1.98039906088025E-05
0	0	343	-2.08685300286606E-04	-0.490052933746361	-2.11172385926598E-06
0	0	344	-2.21182166735967E-04	-0.489933178222998	-4.17123302284035E-06
0	0	345	-2.33419790188642E-04	-0.489812843783157	-5.71419907978495E-06
0	0	346	-2.4539817064515E-04	-0.489691930426837	-6.74062203011154E-06
0	0	347	-2.46417472206575E-04	-0.489558068533854	-1.94853111332565E-05
0	0	348	-2.4702908137842E-04	-0.489437855322971	-1.95564606880803E-05
0	0	349	-2.47500562365087E-04	-0.489317337112125	-1.9614742184359E-05
0	0	350	-2.47831915166576E-04	-0.489196513901315	-1.96601556220924E-05
0	0	351	-2.48023139782894E-04	-0.489075385690541	-1.96927010012809E-05
0	0	352	-2.58283197120458E-04	-0.488970901773915	-4.06418523751648E-05
0	0	353	-2.44480877759612E-04	-0.488849453127565	-4.09995659836114E-05
0	0	354	-2.30703879539463E-04	-0.488727172649792	-4.19728835722753E-05
0	0	355	-2.16952202460008E-04	-0.488604060340596	-4.35618051411544E-05
0	0	356	-2.25168352367096E-04	-0.488464989675022	-1.85626642100201E-05
0	0	357	-2.26630439552351E-04	-0.488343347895417	-1.93400060415014E-05
0	0	358	-2.28027243018857E-04	-0.488221370413522	-1.99567418734528E-05
0	0	359	-2.29358762766396E-04	-0.488099057229338	-2.04128717058688E-05
0	0	360	-2.3062499879537E-04	-0.487976408342866	-2.070839553876E-05
0	0	361	-2.31825951105388E-04	-0.487853423754104	-2.08433133721159E-05
0	0	362	-2.25869661042382E-04	-0.487751324866576	1.61423712387754E-08
0	0	363	-2.38344839557338E-04	-0.487627493001047	-9.48033721584863E-07
0	0	364	-2.50752460699405E-04	-0.48750301521899	-1.58874885159918E-06
0	0	365	-2.6309252446858E-04	-0.487377891520406	-1.90600301880478E-06
0	0	366	-2.54411133388832E-04	-0.487233091093078	-2.124938003742E-05
0	0	367	-2.55431516455711E-04	-0.48710809154127	-2.15738956647092E-05
0	0	368	-2.56349795310865E-04	-0.486982633369161	-2.20378948814167E-05
0	0	369	-2.57165969954396E-04	-0.486856716576752	-2.26413776875454E-05
0	0	370	-2.57880040385997E-04	-0.486730341164044	-2.33843440830868E-05
0	0	371	-2.58492006606089E-04	-0.486603507131034	-2.42667940680525E-05
0	0	372	-2.70896644584996E-04	-0.486503676568692	-5.75524052884382E-05
0	0	373	-2.53428151380082E-04	-0.486375275128903	-5.75905088153398E-05
0	0	374	-2.36150317401542E-04	-0.486245680668962	-5.86417701731402E-05
0	0	375	-2.49339039090096E-04	-0.486091526853008	-2.39807550513537E-05
0	0	376	-2.50570805258621E-04	-0.485963434530633	-2.50331983009323E-05
0	0	377	-2.51813104241256E-04	-0.485834617754964	-2.58140538499103E-05
0	0	378	-0.000253065936038	-0.485705076525999	-2.63233216982876E-05
0	0	379	-2.5432930064885E-04	-0.485574810843738	-2.65610018460641E-05
0	0	380	-2.55603198073592E-04	-0.485443820708183	-2.65270942932337E-05
0	0	381	-2.48585283769905E-04	-0.485332141504723	-2.02489351847155E-06
0	0	382	-2.6176269210738E-04	-0.485200260719469	-1.75415447281801E-06
0	0	383	-2.75154177027325E-04	-0.485066969388219	-1.41297327150072E-06
0	0	384	-2.64209755287196E-04	-0.484910558350828	-2.75620294660316E-05
0	0	385	-2.6560569637477E-04	-0.484775854599624	-2.84000590907121E-05
0	0	386	-2.67019698022438E-04	-0.484640017740029	-2.95464810908358E-05
0	0	387	-2.684517602302E-04	-0.484503047772043	-3.1001295466403E-05
0	0	388	-2.69901882998051E-04	-0.484364944695665	-3.27645022174134E-05
0	0	389	-2.71370066325995E-04	-0.484225708510896	-3.48361013438671E-05
0	0	390	-2.72856310214037E-04	-0.484085339217736	-3.72160928457643E-05
0	0	391	-2.73311232723693E-04	-0.483976484719807	-7.65125579165126E-05
0	0	392	-2.78362911488258E-04	-0.483788877489203	-2.70689452391976E-05
0	0	393	-2.80125270831067E-04	-0.483645658582522	-3.22670592656633E-05
0	0	394	-2.8166627634709E-04	-0.483499611549195	-3.6172131651098E-05
0	0	395	-2.82985928036345E-04	-0.483350736389222	-3.87841623955025E-05
0	0	396	-2.8408422589882E-04	-0.483199033102603	-4.01031514988762E-05
0	0	397	-2.84961169934519E-04	-0.483044501689338	-4.01290989612196E-05
0	0	398	-2.85616760143442E-04	-0.482887142149428	-3.88620047825323E-05
0	0	399	-2.86050996525584E-04	-0.482726954482871	-3.63018689628145E-05
0	0	400	-2.83458298402178E-04	-0.482570883594472	-2.38544576279208E-05
0	0	401	-2.93057993071094E-04	-0.482401453607904	-1.99854285408871E-05
0	0	402	-2.6728933670021E-04	-0.482194189012328	-5.43517818400318E-05
0	0	403	-2.69835929335197E-04	-0.482019236386995	-4.70807589673714E-05
0	0	404	-2.73004277895036E-04	-0.481837467968607	-4.38816716429747E-05
0	0	405	-2.76794382379504E-04	-0.481648883757163	-4.47545198668327E-05
0	0	406	-2.81206242789047E-04	-0.481453483752662	-4.96993036389634E-05
0	0	407	-2.86239859123435E-04	-0.481251267955106	-5.87160229593577E-05
0	0	408	-2.91895231382678E-04	-0.481042236364493	-7.18046778280158E-05
0	0	409	-2.98172359566768E-04	-0.480826388980824	-8.89652682449376E-05
0	0	410	-2.88463306560656E-04	-0.480604046944927	-1.13511744599135E-04
0	0	411	-3.27553957573514E-04	-0.480245847308051	7.55605799716028E-06
0	0	412	-3.23969075018181E-04	-0.480015262313866	-4.05680075408004E-05
0	0	413	-3.19997694603304E-04	-0.47976381311246	-7.57687769508583E-05
0	0	414	-3.15639816328884E-04	-0.479491499703831	-9.8046250233013E-05
0	0	415	-3.10895440194922E-04	-0.479198322087981	-1.07400427387265E-04
0	0	416	-3.05764566201414E-04	-0.47888428026491	-1.03831308413613E-04
0	0	417	-3.00247194348366E-04	-0.478549374234616	-8.73388933120589E-05
0	0	418	-2.94343324635772E-04	-0.478193603997101	-5.79231820826017E-05
0	0	419	-3.54593160622295E-04	-0.477738003160827	-7.44606840628906E-05
0	0	420	-3.63194308120336E-04	-0.477308464125514	-4.28801176758887E-05
0	0	421	-2.13233818277527E-04	-0.476750898106233	-1.55128498923835E-04
0	0	422	-2.38499494893186E-04	-0.476286456555717	-8.83757514037197E-05
0	0	423	-2.63235107011881E-04	-0.47576909835221	-5.0081581132093E-05
0	0	424	-2.874406546338E-04	-0.475198823495713	-4.02459881089787E-05
0	0	425	-3.11116137758752E-04	-0.474575631986224	-5.88689723343572E-05
0	0	426	-3.34261556386514E-04	-0.473899523823744	-1.05950533808196E-04
0	0	427	-3.56876910517519E-04	-0.473170499008274	-1.81490672530553E-04
0	0	428	-3.78962200151347E-04	-0.472388557539812	-2.85489388501369E-04
0	0	429	-3.06829472989021E-04	-0.471347884025324	-1.03873165982379E-04
0	0	430	-3.9033153320845E-04	-0.470036236022486	1.48348860223868E-04
0	0	431	-4.01990083406625E-04	-0.469007018363429	-7.07371491397578E-05
0	0	432	-4.16742789812672E-04	-0.467843227496421	-2.23176113120814E-04
0	0	433	-4.34589652426681E-04	-0.466544863421462	-3.08968031719343E-04
0	0	434	-4.5553067124849E-04	-0.465111926138551	-3.2811290493529E-04
0	0	435	-4.79565846278254E-04	-0.463544415647689	-2.806107327687E-04
0	0	436	-2.7361501545438E-04	-0.461976750285806	-2.1920207680538E-04
0	0	437	-2.90102083525875E-04	-0.460144120266805	-4.19721927575017E-05
0	0	438	-3.18683272910131E-04	-0.458167665307273	2.08125453895167E-04
0	0	439	-3.80245561229344E-04	-0.454822254996123	-8.52431354915019E-04
0	0	440	-4.20804606964127E-04	-0.452591220034544	-4.25292024418268E-04
0	0	441	-4.47161342585118E-04	-0.450056853961221	-1.09077038897348E-04
0	0	442	-4.59315768092316E-04	-0.447219156776154	9.62136016476961E-05
0	0	443	-4.57267883485717E-04	-0.444078128479342	1.9057989721687E-04
0	0	444	-4.41017688765323E-04	-0.440633769070786	1.74021847810184E-04
0	0	445	-4.10565183931137E-04	-0.436886078550487	4.65394534276224E-05
0	0	446	-3.65910368983153E-04	-0.432835056918442	-1.91867285930809E-04
0	0	447	-3.07053243921379E-04	-0.428480704174654	-5.41198370265079E-04
0	0	448	-2.30823222302354E-04	-0.423422070622655	-5.38790194195613E-04
0	0	449	-1.68332254484085E-04	-0.418197399902772	-4.60006596513138E-04
0	0	450	-2.16009899972211E-04	-0.412639025194798	-4.34299987826391E-04
0	0	451	-1.71823702232689E-04	-0.406884244934941	-3.98171384292767E-04
0	0	452	-1.40229881018408E-04	-0.400840812872146	-3.84072487261423E-04
0	0	453	-1.21228436329379E-04	-0.394508729006411	-3.92003296732364E-04
0	0	454	-1.14819368165595E-04	-0.387887993337738	-4.21963812705576E-04
0	0	455	-1.21002676527056E-04	-0.380978605866126	-4.73954035181067E-04
0	0	456	-1.39778361413763E-04	-0.373780566591575	-5.47973964158836E-04
0	0	457	5.09091587723367E-05	-0.367067218174948	8.85952475848467E-05
0	0	458	-3.18532595005336E-05	-0.359346932950455	-2.97513197669304E-04
0	0	459	-1.04356200110742E-03	-0.351598635451392	1.26873415065079E-04
0	0	460	-9.31517875989726E-04	-0.343379095608044	-5.27906965468019E-04
0	0	461	-8.11686974835814E-04	-0.335083024505197	-9.50852443101484E-04
0	0	462	-6.84069297645686E-04	-0.326710422142852	-1.14196301783531E-03
0	0	463	-5.48664844419331E-04	-0.318261288521008	-1.10123868966952E-03
0	0	464	-4.05473615156751E-04	-0.309735623639664	-8.28679458604071E-04
0	0	465	-2.5449560985795E-04	-0.301133427498822	-3.24285324638991E-04
0	0	466	-3.16785119232923E-04	-0.293349250033213	-6.10704265775849E-04
0	0	467	-3.25683114887006E-04	-0.285078449806003	-4.95715644121128E-04
0	0	468	-3.43005318383195E-04	-0.276880980055826	-4.09137968126827E-04
0	0	469	-2.57455014159079E-04	-0.268944316205303	-4.55532429977898E-04
0	0	470	-3.73717405240461E-04	-0.260799815406694	-3.42052389488265E-04
0	0	471	-4.67902971053549E-04	-0.252781457955875	-3.12068354695551E-04
0	0	472	-5.40011711598333E-04	-0.244889243852846	-3.65580325599774E-04
0	0	473	-5.90043626874823E-04	-0.237123173097604	-5.02588302200939E-04
0	0	474	-6.17998716883018E-04	-0.229483245690153	-7.23092284499026E-04
0	0	475	-5.92804863532771E-04	-0.222129172187077	-7.73149002380278E-04
0	0	476	-5.25708114656954E-04	-0.215047749810343	-6.86622406732382E-04
0	0	477	-4.5852254923124E-04	-0.208124060731684	-6.22783470904707E-04
0	0	478	-3.91248167255624E-04	-0.2013581049511	-5.81632194897238E-04
0	0	479	-3.23884968730115E-04	-0.194749882468591	-5.63168578709982E-04
0	0	480	-6.8933257012016E-04	-0.188465368776025	-1.30678036102214E-04
0	0	481	-6.09056880388753E-04	-0.182197454628219	-2.12743385211725E-04
0	0	482	-5.47755008788708E-04	-0.176128580653687	-3.14489540449512E-04
0	0	483	-5.05426955320015E-04	-0.170258746852428	-4.3591650181561E-04
0	0	484	-4.82072719982684E-04	-0.164587953224444	-5.77024269309992E-04
0	0	485	-4.77692302776708E-04	-0.159116199769734	-7.37812842932663E-04
0	0	486	-5.20893301803184E-04	-0.153554793739806	-5.39609827590638E-04
0	0	487	-5.45182637089554E-04	-0.148400564705476	-5.87842384111453E-04
0	0	488	-5.59740391014503E-04	-0.143407025320878	-6.04066460839616E-04
0	0	489	-5.64566563578036E-04	-0.13857417558601	-5.88282057775147E-04
0	0	490	-5.59661154780147E-04	-0.133902015500874	-5.40489174918028E-04
0	0	491	-5.30216882267725E-04	-0.129317741976413	-8.72798713861523E-04
0	0	492	-5.2391104961395E-04	-0.124974198322589	-7.28535024300758E-04
0	0	493	-5.52229152961121E-04	-0.120698307841936	-6.08144352339288E-04
0	0	494	-5.42784126230011E-04	-0.116649368092403	-5.32075596452507E-04
0	0	495	-5.41654239213422E-04	-0.112716900514511	-4.76624968609899E-04
0	0	496	-5.48839491911371E-04	-0.108900905108263	-4.41792468811625E-04
0	0	497	-5.64339884323853E-04	-0.105201381873658	-4.27578097057632E-04
0	0	498	-5.88155416450868E-04	-0.101618330810695	-4.33981853347919E-04
0	0	499	-6.20286088292416E-04	-9.81517519193748E-02	-4.6100373768249E-04
0	0	500	-6.60731899848496E-04	-9.48016451996976E-02	-5.08643750061343E-04
0	0	501	-7.09492851119109E-04	-9.15680106516631E-02	-5.76901890484474E-04
0	0	502	-7.66568942104255E-04	-8.84508482752715E-02	-6.65778158951887E-04
0	0	503	-4.02393668249762E-04	-8.53815719836892E-02	-1.47432589729423E-04
0	0	504	-4.37117972049773E-04	-8.25356715492985E-02	-2.35458143685442E-04
0	0	505	-4.67519750992847E-04	-7.97712610383883E-02	-3.0967675636137E-04
0	0	506	-4.93599005078982E-04	-7.70883404509584E-02	-3.70088427757207E-04
0	0	507	-5.1535573430818E-04	-7.44869097870091E-02	-4.16693157872948E-04
0	0	508	-5.32789938680441E-04	-7.19669690465402E-02	-4.49490946708598E-04
0	0	509	-5.45901618195763E-04	-6.95285182295519E-02	-4.68481794264156E-04
0	0	510	-5.54690772854148E-04	-6.71715573360439E-02	-4.73665700539621E-04
0	0	511	-5.59157402655596E-04	-6.48960863660165E-02	-4.65042665534997E-04
0	0	512	-5.59301507600106E-04	-6.27021053194695E-02	-4.42612689250278E-04
0	0	513	-5.55123087687677E-04	-6.05896141964029E-02	-4.06375771685466E-04
0	0	514	-5.11398737736724E-04	-5.85144516931341E-02	-4.86155114238152E-04
0	0	515	-5.11352063344182E-04	-5.65056878240401E-02	-5.16280596148852E-04
0	0	516	-5.0986216887275E-04	-5.45550752412733E-02	-5.37635865591216E-04
0	0	517	-5.06929054322429E-04	-5.26626139448336E-02	-5.50220922565247E-04
0	0	518	-5.02552719693216E-04	-0.050828303934721	-5.54035767070945E-04
0	0	519	-4.82396446511296E-04	-4.91520220302288E-02	-5.10663718173302E-04
0	0	520	-4.78017462427452E-04	-0.047488321961057	-4.77756930704228E-04
0	0	521	-4.73239396877028E-04	-4.58740387296535E-02	-4.45255937442768E-04
0	0	522	-4.68062249860026E-04	-4.43091723360182E-02	-4.13160738388918E-04
0	0	523	-4.62486021376446E-04	-4.27937227801511E-02	-3.81471333542682E-04
0	0	524	-4.56510711426289E-04	-4.13276900620522E-02	-3.50187722904055E-04
0	0	525	-4.50136320009552E-04	-3.99110741817215E-02	-3.19309906473042E-04
0	0	526	-4.43362847126238E-04	-0.038543875139159	-2.88837884249638E-04
0	0	527	-4.36190292776345E-04	-3.72260929343647E-02	-2.58771656233847E-04
0	0	528	-4.28618656959874E-04	-3.59577275673387E-02	-2.29111222425668E-04
0	0	529	-4.20647939676825E-04	-3.47387790380808E-02	-1.99856582825101E-04
0	0	530	-5.0369902493968E-04	-3.34558471981095E-02	-2.94720410784832E-04
0	0	531	-5.08903989091057E-04	-0.032303207235181	-2.93642174781648E-04
0	0	532	-5.1871131330253E-04	-0.031196799641024	-3.00928530094409E-04
0	0	533	-5.33120997574098E-04	-3.01366244156386E-02	-3.16579476723114E-04
0	0	534	-5.52133041905759E-04	-2.91226815590248E-02	-3.40595014667762E-04
0	0	535	-6.95018693692231E-04	-2.81798297583722E-02	-5.28013109302254E-04
0	0	536	-6.64166225469824E-04	-2.71937276891533E-02	-4.88050754281961E-04
0	0	537	-6.35161898308197E-04	-2.62338369842682E-02	-4.51447174847799E-04
0	0	538	-6.08005712207356E-04	-2.53001576437173E-02	-4.18202370999773E-04
0	0	539	-5.82697667167299E-04	-2.43926896675004E-02	-3.8831634273788E-04
0	0	540	-5.59237763188023E-04	-2.35114330556175E-02	-3.61789090062119E-04
0	0	541	-5.37626000269532E-04	-2.26563878080686E-02	-3.38620612972492E-04
0	0	542	-5.17862378411823E-04	-2.18275539248537E-02	-3.18810911468997E-04
0	0	543	-4.99946897614895E-04	-2.10249314059728E-02	-3.02359985551634E-04
0	0	544	-4.83879557878752E-04	-0.020248520251426	-2.89267835220405E-04
0	0	545	-4.69660359203392E-04	-1.94983204612131E-02	-2.7953446047531E-04
0	0	546	-4.57289301588815E-04	-1.87743320353343E-02	-2.73159861316346E-04
0	0	547	-4.46766385035021E-04	-1.80765549737895E-02	-2.70144037743517E-04
0	0	548	-4.3809160954201E-04	-1.74049892765787E-02	-2.70486989756819E-04
0	0	549	-4.31264975109781E-04	-1.67596349437018E-02	-2.74188717356255E-04
0	0	550	-4.26286481738336E-04	-0.016140491975159	-2.81249220541825E-04
0	0	551	-4.23156129427674E-04	-1.55475603709503E-02	-2.91668499313526E-04
0	0	552	-4.21873918177795E-04	-1.49808401310755E-02	-3.05446553671361E-04
0	0	553	-4.22439847988699E-04	-1.44403312555348E-02	-3.22583383615329E-04
0	0	554	-4.24853918860386E-04	-0.013926033744328	-3.43078989145431E-04
0	0	555	-4.29116130792856E-04	-1.34379475974553E-02	-3.66933370261664E-04
0	0	556	-4.35226483786109E-04	-1.29760728149166E-02	-3.94146526964031E-04
0	0	557	-4.43184977840145E-04	-1.25404093967119E-02	-4.2471845925253E-04
0	0	558	-4.03331567357294E-04	-1.18523611340931E-02	-3.7351715157159E-04
0	0	559	-3.98468471947057E-04	-1.13733874258938E-02	-3.62130723803401E-04
0	0	560	-5.26535689700788E-04	-1.09047399056117E-02	-1.82303504684456E-04
0	0	561	-5.24434244885576E-04	-1.04823670717361E-02	-1.877178898137E-04
0	0	562	-5.22203154502102E-04	-1.00698980342654E-02	-1.92827822340442E-04
0	0	563	-5.19842418550367E-04	-9.66733279319944E-03	-1.9763330226468E-04
0	0	564	-5.17352037030371E-04	-9.27467134853839E-03	-2.02134329586415E-04
0	0	565	-5.14732009942113E-04	-8.89191370028219E-03	-2.06330904305647E-04
0	0	566	-5.11982337285593E-04	-8.51905984843079E-03	-2.10223026422376E-04
0	0	567	-5.09103019060813E-04	-8.15610979298428E-03	-2.13810695936601E-04
0	0	568	-5.06094055267771E-04	-7.80306353394261E-03	-2.17093912848324E-04
0	0	569	-5.02955445906467E-04	-7.45992107130577E-03	-2.20072677157543E-04
0	0	570	-4.99687190976902E-04	-7.1266824050738E-03	-2.22746988864259E-04
0	0	571	-4.96289290479076E-04	-6.80334753524667E-03	-2.25116847968472E-04
0	0	572	-4.92761744412989E-04	-6.48991646182439E-03	-2.27182254470182E-04
0	0	573	-4.89104552778639E-04	-6.18638918480694E-03	-2.28943208369388E-04
0	0	574	-4.85317715576029E-04	-5.89276570419436E-03	-2.30399709666092E-04
0	0	575	-4.81401232805157E-04	-5.60904601998661E-03	-2.31551758360293E-04
0	0	576	-4.77355104466024E-04	-5.33523013218371E-03	-2.32399354451989E-04
0	0	577	-4.73179330558629E-04	-5.07131804078569E-03	-2.32942497941183E-04
0	0	578	-4.68873911082973E-04	-4.81730974579249E-03	-2.33181188827875E-04
0	0	579	-4.64438846039055E-04	-4.57320524720411E-03	-2.33115427112062E-04
0	0	580	-4.52178615673033E-04	-0.004336525950433	-2.22082107928725E-04
0	0	581	-4.49956345947471E-04	-4.08828890609258E-03	-2.12233349183631E-04
0	0	582	-4.47828556154201E-04	-3.84641417072373E-03	-2.03417019204156E-04
0	0	583	-4.45795246293222E-04	-3.61090174432642E-03	-1.95633117990299E-04
0	0	584	-4.43856416364534E-04	-3.38175162690061E-03	-1.8888164554206E-04
0	0	585	-4.42012066368139E-04	-3.15896381844638E-03	-1.8316260185944E-04
0	0	586	-4.40262196304034E-04	-2.94253831896367E-03	-1.78475986942437E-04
0	0	587	-4.38606806172222E-04	-2.73247512845249E-03	-1.74821800791052E-04
0	0	588	-4.37045895972701E-04	-2.52877424691286E-03	-1.72200043405286E-04
0	0	589	-4.35579465705471E-04	-2.33143567434477E-03	-1.70610714785137E-04
0	0	590	-4.33564540937295E-04	-2.16369762918109E-03	-1.77201476728282E-04
0	0	591	-4.3229589777054E-04	-1.99572199704067E-03	-1.84029568877607E-04
0	0	592	-4.31122899622868E-04	-1.83143585337386E-03	-1.90006047649957E-04
0	0	593	-4.30045546494281E-04	-1.67083919818066E-03	-1.95130913045333E-04
0	0	594	-4.29063838384776E-04	-1.51393203146106E-03	-1.99404165063736E-04
0	0	595	-4.28177775294354E-04	-1.3607143532151E-03	-2.02825803705165E-04
0	0	596	-4.27387357223017E-04	-1.21118616344275E-03	-2.05395828969619E-04
0	0	597	-4.26692584170762E-04	-0.001065347462144	-2.071142408571E-04
0	0	598	-4.26093456137591E-04	-9.2319824931888E-04	-2.07981039367606E-04
0	0	599	-4.25589973123503E-04	-7.84738524967376E-04	-2.07996224501139E-04
0	0	600	-4.25182135128499E-04	-6.49968289089472E-04	-2.07159796257697E-04
